Inter-Arrival Time
0.009772
0.488103
0.007103
0.489437
0.009571
0.488245
0.009176
0.488236
0.010562
0.488486
0.008287
0.490965
0.010561
0.486757
0.008954
0.488937
0.008722
0.486097
0.007099
0.014344
1.490442
0.015924
0.107241
0.016114
0.09795
0.016975
17.243151
0.054131
0.036855
0.030353
0.005832
0.005665
0.006617
0.015149
0.006781
0.005003
0.007562
0.015542
0.009272
0.005946
0.016179
0.004255
0.003643
0.003963
0.004535
0.00848
0.013237
0.003946
0.028182
0.016112
0.04362
0.031368
0.022421
0.014163
0.043635
0.655984
0.04328
0.015367
0.015141
0.012588
0.020771
0.014966
0.042967
1.435959
0.007719
0.829426
0.044874
0.016579
0.014199
0.004445
0.014457
0.008253
0.048363
3.75778
3.739931
0.052709
0.010706
0.004479
0.042532
0.003699
0.017791
0.031209
2.198944
0.009897
2.442544
3.790157
0.024272
0.028189
0.003567
0.010462
0.003577
0.015281
0.005272
0.003506
0.004419
0.020754
0.012384
0.007195
0.003353
0.001876
0.003659
0.008099
0.005098
0.008204
0.219581
0.013405
0.021496
0.00858
0.051234
0.032323
0.033299
0.007967
0.049809
1.277293
0.009243
5.566879
0.020365
0.011029
0.005797
0.040534
0.003337
0.01988
0.03056
16.574999
0.013395
6.458127
0.009936
4.955907
0.007271
4.94961
0.007932
34.535733
0.012089
1.491887
0.016212
0.096438
24.443305
0.016352
0.015068
0.052883
36.304297
0.096257
0.025762
0.014828
0.005125
0.029069
0.007811
0.004763
0.0079
0.014441
0.00524
0.007497
0.006339
0.024092
0.012573
0.004651
0.003855
0.003929
0.005665
0.006821
0.021917
0.015215
0.013261
0.014948
0.042703
0.030858
0.031696
0.014305
0.042724
0.655947
0.044598
0.015758
0.017962
0.002999
0.004514
0.003551
0.005757
0.032313
0.033616
0.014202
0.043967
1.43686
0.010447
0.775966
0.045173
0.014661
0.01959
0.004682
0.003273
0.004196
0.006502
0.01504
0.032657
0.008562
0.047629
4.466953
0.013679
3.755214
3.664956
0.018933
0.013575
0.005758
0.037352
0.005571
0.01611
0.036324
4.650097
0.037159
0.021387
3.874284
0.022032
0.028451
0.003542
0.003532
0.00481
0.019857
0.005615
0.003537
0.003773
0.146694
0.021953
0.009198
0.008123
0.003734
0.008138
0.038493
0.006974
0.009468
0.024909
0.028125
1.350775
1.439556
0.00571
0.041391
0.005675
0.017147
0.013514
0.009695
0.013093
0.007598
0.025061
0.008561
0.003707
0.01627
0.008875
0.018641
0.028916
0.02044
0.020821
0.00856
0.047168
4.017118
0.020106
0.011698
0.00416
0.04317
0.005269
0.01668
0.020639
9.249474
0.095215
0.005547
0.037555
0.018402
0.052184
0.396832
0.005039
0.018995
0.032566
0.032836
0.405381
0.005609
0.030837
0.035446
0.029845
0.39751
0.051405
0.005257
0.005803
0.017938
0.012814
0.006522
0.010353
0.016646
0.02319
0.346823
1.248163
0.230335
0.006838
0.028596
0.021686
0.02974
0.419453
0.006889
0.036596
0.038327
5.919938
0.006299
0.02001
0.01409
0.004362
0.003998
0.00428
0.021222
0.021776
0.003057
0.017289
0.00728
0.005638
0.003261
0.003336
14.909954
0.018822
0.025651
0.020634
0.024836
0.004829
0.007776
0.003568
0.022185
0.004025
0.003517
0.005675
0.020295
0.010592
0.007404
0.009215
0.002746
0.002748
0.007669
0.003237
0.003821
0.003686
0.019585
0.005277
0.006963
0.022321
0.014865
0.010719
0.045923
0.283672
0.006221
0.02847
0.019001
0.027219
0.024254
0.013772
0.029886
0.044841
0.419362
0.005354
0.02796
0.033212
0.030002
0.641293
0.038702
0.014658
0.019227
0.005118
0.004037
0.003725
0.00326
0.038106
0.020181
0.009836
0.04522
0.795654
0.050474
0.01531
0.017146
0.004501
0.005179
0.027238
0.012229
0.027537
0.007616
0.047887
1.593646
1.596886
0.999423
0.027272
0.019467
0.569001
0.004047
0.003316
0.006994
0.054635
0.816283
0.018491
0.017566
0.005918
0.004604
0.005891
0.012025
0.01978
0.038573
0.009733
0.02119
1.593935
1.400817
0.028836
0.035463
7.584486
0.03259
0.028787
0.003528
0.005767
0.003564
0.01971
0.004015
0.004485
0.004737
0.148413
0.026442
0.007996
0.006269
0.012
0.002702
0.0119
0.003872
0.003519
0.003886
0.013887
0.035888
0.020818
0.009547
0.046906
0.029902
0.02178
0.009546
0.046449
1.601054
0.00333
0.005028
0.003147
0.047028
0.950168
0.024288
0.017473
0.007597
0.006566
0.016424
0.004715
0.004098
0.00377
0.003778
0.00343
0.004403
0.00474
0.004969
0.003058
0.004647
0.004693
0.005421
0.006341
0.006303
0.020571
0.002807
0.003095
0.003099
0.002524
0.006464
0.010417
0.010693
0.008734
0.029557
0.044077
0.030454
1.593961
0.614944
0.014592
0.004998
0.033743
0.015236
0.004358
0.003981
0.004922
0.007591
4.912199
0.03111
0.003362
0.033973
0.009597
0.026109
0.004488
0.029509
0.010903
0.004201
0.015632
0.016246
0.005281
0.004518
0.024605
0.008863
0.014935
0.01842
0.006966
0.004784
0.004788
0.003879
0.003499
0.007899
0.012746
0.027807
0.003888
0.024115
0.024608
0.029289
0.036178
0.011866
0.046292
0.777033
0.660996
0.045166
0.014775
0.016917
0.005377
0.004727
0.003529
0.028178
0.00922
0.047444
0.52709
0.008964
0.023428
0.013283
0.005579
0.004173
0.006091
0.022494
0.023045
0.021006
0.006541
0.006932
0.823769
0.043951
0.016459
0.021238
0.002926
0.006004
0.037775
0.014588
0.040549
1.58802
1.596739
0.43775
0.024393
0.030667
0.663682
0.026101
0.011651
0.005803
0.043569
0.015898
3.7743
0.005291
0.004329
0.047426
0.00228
0.002417
0.003332
0.004401
0.012248
0.057447
0.025888
0.03623
0.02375
0.015747
0.004489
0.034635
0.037472
0.004659
0.019971
0.025763
0.059281
0.238538
0.024554
0.051488
0.004205
0.031927
0.022089
0.034706
0.031573
0.315632
0.005899
0.022515
0.029048
0.049692
0.361201
0.014309
0.019957
0.031287
2.38409
0.026272
0.025855
0.024031
0.022466
0.012165
0.009852
3.671772
0.036745
0.02686
0.004175
0.004188
0.003548
0.021629
0.004612
0.005465
0.005373
0.019922
0.008431
0.007444
0.010798
0.002904
0.003339
0.005253
0.004708
0.009931
0.012422
0.032014
0.008272
0.048074
0.032029
0.031695
0.009851
0.045402
0.424857
0.013654
0.023476
0.036407
0.029685
0.388031
0.014003
0.023795
0.030327
105.330375
0.024704
0.020097
0.030156
1.436976
0.012848
0.050948
0.033208
26.136713
1.592994
1.597386
0.331197
0.027091
0.023254
0.00546
0.00522
0.005177
0.005908
0.002971
0.005997
0.004758
0.003145
0.002858
0.00637
0.005293
0.008009
0.004609
0.003067
0.006064
0.005062
0.002849
0.003415
0.002538
0.00336
137.329077
0.019719
0.004053
0.003981
0.014788
0.00776
0.004575
0.010108
0.004427
0.006096
0.008086
0.003123
0.010232
0.003472
0.007214
0.019392
0.050254
0.00673
0.002879
0.003734
0.007922
0.027283
0.014977
0.003786
0.004094
0.002643
0.004553
0.022262
0.049961
0.0068
0.015446
0.006705
0.034486
0.045978
0.011311
0.004499
134.258983
-134.213712
0.018332
0.009851
0.011428
0.023075
0.010708
0.003527
0.04362
0.005614
0.015393
0.011332
0.01539
0.005209
0.010681
0.004479
0.041516
0.004336
0.017052
0.03184
300.158932
45.653202
0.013339
1.492742
0.014782
0.113234
0.097674
0.016936
159.477723
0.03751
0.019466
0.034619
0.01508
0.02347
0.017867
0.013775
159.335733
0.130498
0.008822
0.020913
0.054656
0.112469
0.790687
0.020876
0.011935
0.044903
1.343363
0.013706
0.030523
0.033856
0.028825
0.417864
0.022474
0.024908
0.831553
0.043967
0.01389
0.015941
0.013359
0.005831
0.029142
0.009852
0.045493
1.128397
0.324676
0.014927
0.034361
0.024257
1.621584
0.138195
0.021513
0.032267
1.403977
0.046434
0.006204
0.025721
0.037757
0.030171
1.594974
1.452589
0.036839
0.036746
7.703206
0.019151
0.068378
0.065918
0.093617
0.013014
0.00715
0.004006
0.005892
0.005023
0.007395
0.006998
0.06728
0.005849
0.015656
0.022313
0.008825
0.005542
0.003501
0.002803
0.009754
0.015695
0.008397
0.009509
0.046349
0.030799
0.01954
1.203059
0.005257
0.018601
0.018412
0.037171
1.594525
1.594973
5.603991
0.024265
0.011686
0.004487
0.005302
0.037181
0.00398
0.018463
0.028322
1.644448
0.034605
0.02766
0.024174
0.024336
0.011375
0.005475
0.003067
0.004697
0.004113
0.004958
0.004745
0.003625
0.002858
0.012613
0.010698
0.015857
0.035202
0.005089
0.341498
0.050687
0.004732
0.004112
0.00313
0.051807
0.023475
0.035128
0.835166
0.478432
0.00658
0.030839
0.02585
0.032824
0.399999
0.025788
0.03641
0.028395
0.411096
0.010229
0.024757
0.021051
22.111182
0.012063
0.317721
0.229852
0.358429
0.459948
0.125203
0.015332
0.098709
0.015235
0.096439
0.015913
0.095692
0.015145
0.003523
0.097499
0.015649
0.096786
0.017049
0.094465
0.015367
0.01744
0.079536
0.015007
0.098437
0.015721
45.993594
20.998578
0.011977
1.491502
0.016401
0.10085
0.016104
0.094798
0.01633
72.525268
0.0148
0.012471
0.02243
0.007387
0.010173
0.016709
0.008058
0.002248
0.003661
0.012421
75.977168
0.02131
0.004842
0.005143
0.00225
0.00438
0.00803
0.061619
0.033263
0.099521
0.00893
0.007004
0.020303
0.003238
0.00376
0.026584
0.00511
0.005147
0.004856
0.004742
0.0027
0.008769
0.017829
0.022423
0.085338
0.032659
0.717208
0.016133
0.015127
0.018985
0.011321
0.013351
1.315467
0.007181
0.034044
0.027776
0.029144
0.87394
0.045834
0.026924
0.007571
0.014356
0.020545
0.007612
0.049169
1.592216
1.594847
5.389426
0.014386
0.483564
0.020874
0.033867
1.079317
0.004727
0.00367
0.005032
0.032126
0.333985
0.005623
0.036266
0.028738
1.141503
1.594701
0.329691
0.037799
0.027788
7.655634
0.030674
0.027189
0.003891
0.004531
0.003847
0.021521
0.003664
0.003547
0.14096
0.006669
0.021831
0.021317
0.015745
0.004037
0.009713
0.035788
0.008392
0.009274
0.005787
0.006668
0.020995
0.01682
0.003543
0.009819
0.045304
0.030988
0.030742
0.009548
0.046609
1.025135
0.003776
0.004042
0.005429
0.02694
0.184797
0.005625
0.031477
0.034347
1.298323
1.310241
0.022466
0.023297
0.239028
1.219106
0.017842
0.006203
0.005161
0.031114
0.006659
0.014776
0.029597
5.528086
0.026505
0.0104
0.005143
0.040823
0.003991
0.017811
0.021601
0.678788
0.038165
0.004363
0.006154
0.031794
0.018807
0.030141
0.079308
0.277697
0.010795
0.050349
0.005881
0.020155
0.020103
0.011343
0.028173
0.366233
0.010617
0.031476
0.020407
0.03115
0.395097
0.013303
0.023799
0.038327
167.649083
0.011481
1.490604
0.01702
158.394804
156.508748
0.116425
0.008943
0.016865
0.033406
0.027309
0.014426
0.004527
0.018826
0.013485
0.036659
0.003767
0.027973
0.099181
0.063824
0.01545
0.008138
0.008735
0.036751
0.023361
0.035246
0.044767
0.028754
0.007741
0.005351
0.022256
0.008225
0.012545
0.022657
0.009911
0.003213
0.007508
0.015024
0.02384
0.003075
0.003105
0.01212
0.003675
0.003505
0.004116
0.0046
0.004022
0.023692
0.003019
0.012328
0.006614
0.004542
0.008358
0.016774
0.007581
0.005442
0.016595
0.010912
0.014849
0.004686
0.012434
0.048322
0.031364
0.025294
0.015238
0.041001
0.029601
0.037774
0.013918
0.043239
0.029142
0.037772
0.016617
0.042601
0.309526
0.044183
0.015723
0.023133
0.004392
0.004013
0.001905
0.004955
0.015304
0.015139
0.013475
0.043086
1.255928
0.019759
0.00594
0.003749
0.017488
0.011459
0.022776
0.020222
0.336598
0.404561
0.06777
0.043599
0.014522
0.01648
0.013445
0.016419
0.033942
0.027535
0.009552
0.047342
1.593797
1.735143
1.594124
0.463534
0.02407
0.024259
1.592042
5.866045
0.015596
1.103042
0.352879
0.012224
0.015705
0.020987
0.005579
0.004917
0.003659
0.004271
0.018301
0.011924
0.019707
0.009473
0.009744
0.020298
1.59566
1.591718
1.399717
0.036832
0.036738
2.669782
0.024573
0.027171
0.003571
0.005766
0.00356
0.019634
0.125824
0.008181
0.00418
0.012291
0.009491
0.011286
0.037189
0.025598
0.01408
0.003439
0.002912
0.004598
0.007618
0.0393
0.006736
0.00701
0.007126
0.003623
0.003241
0.011596
0.02607
0.002573
0.005568
0.006072
0.013612
0.006245
0.012385
0.045051
0.004684
0.025724
0.034254
0.007931
0.048953
1.223496
0.024892
0.014292
0.006246
0.004838
0.004838
0.01508
0.004784
0.015813
0.012631
0.015356
1.597497
1.591389
5.509541
0.021707
0.011035
0.004523
0.042217
0.005271
0.017451
0.035044
1.623353
0.003638
0.00547
0.030346
0.006811
0.004667
0.004339
0.003988
0.031059
0.012752
0.006673
0.003445
0.006118
0.002136
0.004386
0.002944
0.005942
0.020765
0.003583
0.004822
0.002904
0.003093
0.002557
0.034715
0.038419
0.003171
0.004842
0.278558
0.015597
0.006845
0.020673
0.018137
0.004276
0.004916
0.007118
0.019022
0.002556
0.014082
0.002555
0.00343
0.004013
0.008757
0.006555
0.025397
0.030649
0.85932
0.247214
0.203227
0.021968
0.011921
0.0055
0.031737
0.014338
0.013174
1.043877
0.355011
0.006886
0.034035
0.029689
23.67923
0.01672
0.002812
0.006475
0.01522
0.014747
0.013918
0.004492
0.023092
0.011282
27.645781
0.005178
0.048263
0.040803
0.018929
0.062634
0.032811
0.009801
0.007971
0.006571
0.004302
0.002919
0.006391
0.001917
0.005255
0.00454
0.005046
0.007271
0.004698
0.003063
0.004138
0.008286
0.014276
0.010381
0.089841
0.019532
0.713381
0.059601
0.015444
0.021858
0.021241
1.356207
0.005583
0.037875
0.027124
0.030582
0.940064
0.017522
0.006683
0.036816
1.595215
1.595101
0.470914
0.024706
0.02682
1.092087
0.368292
0.011397
0.013997
0.005682
0.011675
0.002852
0.005014
0.005058
0.001805
0.007922
0.011189
0.003133
0.002295
0.003776
0.016506
0.014167
0.006791
0.005608
0.003962
0.004735
0.00498
0.002847
0.005871
0.005009
0.00498
0.001662
0.002996
0.007677
0.016012
0.005037
0.010302
0.005504
0.032053
0.011163
0.014755
0.022526
1.594067
1.256282
0.038754
0.025539
7.692409
0.036105
0.141895
0.022178
0.093941
0.015209
0.004365
0.004808
0.017538
0.049061
0.004404
0.01615
0.010313
0.005241
0.003006
0.001919
0.004194
0.00662
0.005347
0.00917
0.059694
0.007086
0.016207
0.003291
0.022338
0.044999
0.059547
0.037138
1.096207
0.013633
0.017784
0.005929
0.005588
0.005809
0.02424
0.013432
0.006551
0.005253
0.025788
1.593693
1.596313
5.588954
0.034827
0.011035
0.047775
0.005264
0.020031
0.028322
1.613603
0.058208
0.015645
0.04578
0.009625
0.012069
0.004548
0.006668
0.004525
0.008517
0.018171
0.020238
0.008193
0.004272
0.004313
0.031857
0.307408
0.014893
0.006898
0.004511
0.030804
0.018487
0.004949
95.241302
1.526089
0.110657
201.382873
290.569208
0.019906
0.034174
1.457768
0.013392
0.026038
0.030645
293.840714
4.903184
295.693203
0.025344
0.027774
1.454868
0.013037
0.037236
0.025206
67.928795
21.732076
0.013837
0.022067
0.009205
0.009338
0.032512
612.144578
0.021805
0.029445
0.007181
0.007968
0.00598
0.012531
0.007405
0.006598
0.13249
0.010508
0.008347
0.011554
0.004391
0.030467
0.004544
0.004946
0.009472
0.020606
0.006889
0.002792
0.004057
0.0083
0.004315
0.026884
0.009463
0.007632
0.004437
0.002619
0.038802
0.004495
0.003395
0.008783
0.015664
0.027214
0.017474
0.037813
0.031592
0.026895
0.013484
0.041608
1.502794
0.015131
0.102379
0.015107
0.097891
0.015082
0.57902
0.045438
0.01494
0.017887
0.004087
0.005556
0.003019
0.003246
0.018812
0.014378
1.220791
0.013375
0.035314
0.019819
0.031789
0.868997
0.042624
0.015546
0.014469
0.014812
0.021566
0.045828
2.292753
0.011341
1.608552
1.583553
0.461879
0.018949
0.027459
1.109902
0.026814
0.318166
0.021157
0.016877
0.025516
0.005609
0.004943
0.004201
0.004922
0.023491
0.006443
0.021646
0.014587
0.007153
0.024123
2.970126
0.029473
0.024579
7.731814
0.032381
0.004196
0.003868
0.019489
0.005272
0.004461
0.005058
0.153995
0.01955
0.004562
0.012015
0.068451
0.041013
0.022289
0.01717
0.01429
0.01461
0.142195
0.015819
0.006027
0.005646
0.045226
0.014505
0.038267
0.009859
0.045617
1.156457
0.012841
0.017805
0.00592
0.003771
0.003939
0.023768
0.02016
0.008833
0.008777
5.490818
0.01168
0.004479
0.042218
0.005258
0.041454
4.8728
0.020891
0.015917
0.024549
0.010727
0.007196
0.003726
0.003348
0.006444
0.005907
0.003701
0.005959
0.00413
0.003649
0.004663
0.002383
0.004845
0.019142
0.011655
0.03321
0.005394
0.301283
0.013672
0.009436
0.005907
0.028906
0.010814
0.010577
0.410553
0.005874
0.036916
0.019129
236.586619
0.017896
0.011695
0.002377
0.004327
0.025047
0.007757
0.007619
0.003701
0.01145
0.005563
0.023394
0.0047
0.003288
0.004699
0.021186
238.119684
0.035454
0.076748
0.025455
0.005806
0.005413
0.005785
0.019898
0.00526
0.004827
0.004047
0.04093
0.016913
0.016121
0.028236
0.009537
0.044066
0.002693
0.070342
0.013487
0.047012
0.65837
0.043576
0.056999
0.065808
0.007619
0.047249
1.321872
0.006861
0.036596
0.018487
0.776549
0.045167
0.050763
0.017075
0.007601
0.049105
3.701983
0.035269
0.02906
3.634229
0.014866
0.00909
0.004529
0.042553
0.003348
0.04631
2.149411
0.023293
0.00692
0.016825
0.005008
0.005871
0.00391
0.004274
0.015183
0.021139
0.023637
0.022927
0.007152
0.023999
2.560385
0.035588
0.034502
0.424095
0.032386
0.038022
0.940547
0.013957
0.012397
0.006831
0.005828
0.005493
0.012154
0.011151
0.004929
0.008427
10.144928
0.005455
0.042173
0.004603
0.242133
0.005067
0.409209
0.412291
6.249391
0.005432
0.006361
0.045058
2.023526
0.00568
0.048005
0.44987
0.004693
0.046893
3.306431
0.027862
0.00577
0.005168
0.005787
0.016026
0.003696
0.003227
0.005424
0.059267
0.00737
0.005916
0.019319
0.051443
0.008866
0.047262
0.057332
0.009828
0.046096
0.941343
0.005411
0.005375
0.047256
1.480575
0.004402
0.011575
0.00627
0.032238
0.012995
0.00294
0.006323
0.04619
2.15958
0.025818
0.004189
0.006455
0.004537
0.022122
0.003709
0.004828
0.00341
0.061039
0.012966
0.019301
0.024528
0.011971
0.046223
0.060407
0.00823
0.047263
0.659424
0.042822
0.03824
0.010514
0.011474
0.05304
0.007607
0.049433
1.383397
0.005239
0.005379
0.048047
0.359824
0.009079
0.003848
0.043339
0.00335
0.041555
0.322006
0.044152
0.036296
0.012569
0.007907
0.047835
3.708698
0.006318
0.046765
3.734253
0.008766
0.004492
0.04285
0.004342
0.038087
0.38117
0.01057
0.003853
0.041803
0.00413
0.048667
0.014828
0.00928
0.004193
0.043063
0.005045
0.054947
0.005549
0.008875
0.048057
0.066724
0.009195
0.04631
2.143196
0.00635
0.004433
0.046478
2.398561
0.004955
0.047307
3.105585
0.028201
0.004534
0.005769
0.005808
0.017441
0.004954
0.005446
0.004418
0.155315
0.004415
0.042416
0.013412
0.053209
0.03121
0.054952
0.00793
0.048785
0.065321
0.009546
0.046634
1.23098
0.005729
0.006053
0.046412
3.565497
0.01592
0.004198
0.005342
0.007148
0.034415
0.005895
0.005058
0.004861
0.036759
4.770959
0.024841
0.004514
0.008192
0.003869
0.020625
0.004966
0.003519
0.00472
0.040138
0.018369
0.015993
0.004265
0.06208
0.011179
0.046237
0.070161
0.009195
0.046795
0.628503
0.040254
0.039037
0.023584
0.012532
0.043139
1.391265
0.00735
0.005381
0.04606
0.833715
0.04678
0.015449
0.022561
0.031809
0.009227
0.047101
3.704222
0.005688
0.04815
3.697118
0.009421
0.004835
0.042185
0.005285
0.037826
2.140708
0.008916
0.006388
0.004202
0.003417
0.004891
0.039315
0.003985
2.383484
0.006258
0.047407
3.899848
0.028162
0.004854
0.003893
0.003897
0.020974
0.005274
0.003186
0.004708
0.060229
0.021936
0.011027
0.0089
0.024564
0.022579
0.070174
0.008566
0.04779
299.981731
2.754203
0.00494
0.004426
0.046644
5.545985
0.011492
0.005051
0.040417
0.005626
0.066166
4.379397
8.185161
0.226068
0.012989
0.993192
0.490959
0.496527
0.495704
0.498824
0.398367
0.099131
0.508315
4.87749
0.024542
0.005812
0.007197
0.004821
0.019001
0.005268
0.003498
0.005674
0.055488
0.019693
0.009064
0.053756
0.012513
0.046233
0.081705
0.013478
0.04555
0.991926
0.609964
0.044213
0.047383
0.079004
0.008599
0.048823
0.769715
0.045812
0.035719
0.030256
0.008585
0.048272
3.354854
0.124751
21.727276
1.523455
0.111484
4.832505
1.499053
0.015452
1.923079
10.469931
0.026865
0.003525
0.003851
0.005169
0.020726
0.003648
0.004524
0.004838
0.031917
0.005463
0.004711
0.005559
0.003629
0.005721
0.207013
0.015761
0.003277
0.010819
0.003706
0.006546
0.028789
0.009479
0.003474
0.004129
0.018433
0.028457
0.062154
0.009529
0.048011
1.291193
0.01543
6.161501
19.254422
1.496172
0.015456
94.985156
0.01326
1.506459
0.100708
0.014825
0.09683
0.015852
64.893319
0.013727
92.934897
0.022765
0.028163
0.007089
0.008304
0.005674
0.013819
0.007671
0.006034
0.008209
0.049773
0.20529
0.011327
0.017692
0.025383
0.003165
0.004988
0.003816
0.002553
0.012534
0.013603
0.028002
0.002822
0.030764
0.031053
0.014073
0.041079
0.669954
0.043205
0.016484
0.017648
0.003767
0.005697
0.049702
0.027531
0.017458
0.042988
1.267827
0.008926
0.768087
0.044833
0.01598
0.014689
0.014592
0.017741
0.009243
0.047278
0.534412
0.404528
0.402805
3.758464
2.39973
0.055424
0.004208
0.042005
0.00496
0.015888
0.023202
2.19872
0.009268
2.443002
3.805195
0.029064
0.029103
0.005176
0.006114
0.005457
0.015158
0.003678
0.005479
0.003457
0.021259
0.009546
0.005753
0.0193
0.00366
0.006195
0.207408
0.006612
0.006246
0.002717
0.004658
0.03213
0.038094
0.007944
0.046789
0.028617
0.020176
0.008278
0.047477
1.289843
0.008112
15.0492
0.01326
0.294888
0.232219
4.464815
0.016392
5.553795
0.052296
0.08079
0.02
0.840576
0.142002
0.49711
0.099091
0.019291
0.015881
0.010093
0.004517
0.095794
0.016958
0.095449
0.015295
0.016689
0.080799
0.017116
0.095301
0.016401
0.45228
75.880579
0.01191
0.239332
1.253982
0.016213
0.022656
0.072505
0.014821
78.294055
0.014719
79.164072
0.05447
0.024367
0.028147
0.008974
0.005399
0.007006
0.013804
0.007339
0.005377
0.008903
0.011569
0.010775
0.006908
0.003631
0.007
0.005385
0.00447
0.009917
0.030733
0.00439
0.008765
0.026596
0.01658
0.032597
0.037773
0.011902
0.044525
0.668708
0.043541
0.031927
0.003009
0.004205
0.016031
0.029133
0.013466
0.042321
1.441115
0.009386
0.811443
0.04299
0.014585
0.019336
0.005195
0.003148
0.002579
0.022733
0.00826
0.048232
3.621613
3.753585
3.734212
0.037167
0.011005
0.004162
0.006419
0.036552
0.002937
0.005274
0.016581
0.036643
0.361581
0.022126
0.010387
0.005467
0.041074
0.004977
0.017685
0.01936
5.007896
1.502444
0.016403
0.09568
0.015149
0.099174
0.015433
0.096226
0.01682
0.097317
0.01627
0.100986
0.019172
4.65439
0.024992
0.025856
3.369717
0.09939
0.015345
0.030983
0.02754
0.003867
0.00517
0.005461
0.017708
0.0053
0.004457
0.005694
0.017362
0.112378
0.017653
0.005106
0.014979
0.005515
0.014871
0.004669
0.004666
0.002889
0.005105
0.015462
0.006714
0.003629
0.003498
0.016021
0.098755
0.014997
0.047537
0.046543
0.019851
0.00763
0.100277
0.015175
0.049492
0.099077
0.016958
0.093364
0.016994
1.564389
1.280946
0.013603
1.233599
0.022961
0.006642
0.027364
0.004723
0.297478
1.594934
5.553153
0.025228
0.015205
0.041704
0.004018
0.018005
0.025123
1.619114
0.007608
0.004721
0.029714
0.999715
0.013361
0.026153
0.021984
0.005875
0.005464
0.004229
0.005564
0.006902
0.016906
0.0038
0.012985
0.017751
0.01433
1.591527
1.596857
1.617981
0.033266
0.011117
0.018784
0.004024
0.003145
0.005515
0.022762
0.019839
0.009132
0.013243
1.452745
1.593878
1.615383
0.175997
0.023278
0.013632
0.012053
0.012264
0.005545
0.003951
0.005622
0.004621
0.003109
0.004018
0.001652
0.003535
0.002869
0.004104
0.004388
0.001956
0.002513
0.004123
0.006505
0.003736
0.004108
0.002929
0.010172
0.00296
0.003104
0.003508
0.010949
0.009064
0.01564
0.00403
0.028592
0.010029
0.03353
0.29838
0.01002
0.005542
0.028596
0.027126
51.248115
0.017575
0.003991
0.005013
0.003379
0.013214
0.024574
0.005223
0.007059
0.014448
0.01661
0.00917
0.006124
63.310655
0.025488
0.004527
0.006705
0.005443
0.021531
0.004661
0.005134
0.005679
0.048709
0.021631
0.016747
0.046972
0.01249
0.046188
0.058117
0.011874
0.048537
0.632933
0.04355
0.037993
0.004114
0.013714
0.050446
0.008249
0.046889
1.393913
0.005599
0.01859
0.024246
0.79414
0.042943
0.04474
0.024146
0.009221
0.047074
3.707188
0.025986
0.022339
3.677333
0.106635
2.163573
0.021693
0.012717
0.02264
0.007211
0.003705
0.004264
0.004942
0.012804
0.012175
0.004345
0.011705
0.011634
0.018256
1.593032
0.698074
0.019236
0.03642
3.843419
0.024266
0.029115
0.004842
0.005805
0.00484
0.016338
0.004618
0.003535
0.003722
0.150196
0.022292
0.009128
0.007854
0.025665
0.008422
0.012087
0.005251
0.001728
0.006412
0.003693
0.013503
0.00354
0.052722
0.009278
0.008553
0.02538
0.009844
0.003893
0.041109
0.032836
0.024336
0.009543
0.045904
0.611246
0.606602
0.016893
0.016876
0.00651
0.005161
0.004841
0.016674
0.011534
0.004933
0.010696
0.022321
1.594409
1.5957
5.533113
0.027147
0.010392
0.004824
0.046259
0.004665
0.003208
0.005777
0.015836
0.017228
0.004907
0.01761
0.231759
0.004607
0.005904
0.00489
0.005194
1.645617
0.056537
0.003077
0.007112
0.029388
0.010574
0.005474
0.041944
0.003361
0.017677
0.023843
0.183467
0.4044
1.510829
0.007073
0.005394
0.048586
0.028812
4.8732
0.010366
0.004098
0.049003
0.028131
4.867487
0.004915
0.004418
0.047954
244.838985
0.011968
1.490824
0.016756
0.099056
0.015808
0.096054
0.016572
152.086944
0.004397
0.010723
0.006265
0.032748
0.013154
0.011662
0.004061
0.016121
0.020791
162.949838
0.023406
0.030384
0.004829
0.007909
0.006623
0.015101
0.005815
0.005325
0.009163
0.01247
0.010085
0.010236
0.004405
0.005387
0.005271
0.003021
0.008458
0.010331
0.025435
0.034252
0.015216
0.043608
0.030596
0.025294
0.013175
0.043903
0.644001
0.043669
0.014848
0.01976
0.005482
0.00502
0.002857
0.002969
0.031371
0.012202
0.044935
1.384696
0.013116
0.048644
0.03025
0.811512
0.044513
0.015801
0.017821
0.003031
0.003516
0.004477
0.00391
0.025123
0.04411
0.047585
3.675414
0.006028
0.046013
3.620079
0.007172
0.037488
0.012636
0.043502
0.005628
0.016403
0.025437
2.1431
0.012366
0.048586
0.03063
2.669679
0.00663
0.045459
11.281179
0.013447
1.443414
0.005141
0.005071
0.046313
0.031203
3.373795
0.006013
0.04641
1.443297
0.007034
0.004078
0.049067
0.050855
2.847965
0.005595
0.046992
13.561016
0.021063
0.028801
0.004813
0.005813
0.003879
0.017515
0.003666
0.003227
0.004471
0.021808
0.154287
0.005382
0.01562
0.007845
0.00679
0.002256
0.005998
0.012767
0.004395
0.002533
0.002606
0.003108
0.059496
0.012133
0.014598
0.010696
0.007938
0.006808
0.040988
0.030133
0.032333
0.007938
0.047447
1.223762
0.006415
0.006315
0.046919
0.027085
5.524704
0.032905
0.01639
0.004181
0.036694
0.004001
0.017278
0.030878
6.378946
0.005126
0.00444
0.080306
4.875323
0.007055
0.004438
0.048783
0.028763
4.866708
0.005064
0.004744
0.047164
136.238384
0.006002
0.048212
0.035771
1.406114
0.01447
0.004439
0.047762
299.249072
141.830538
0.00664
0.044915
1.443346
0.014827
0.00508
0.045862
15.602387
0.012736
1.507483
0.102355
0.01651
0.113006
9.044327
0.005041
0.007186
0.006574
0.034793
0.010051
0.022283
302.179749
0.029418
0.005634
0.008607
0.005348
0.014147
0.133454
0.023789
0.004484
0.005278
0.03947
0.021759
0.004821
0.006205
0.029694
0.024533
0.007154
0.010666
0.06536
0.013484
0.042859
0.058298
0.012527
0.045047
0.620862
0.043298
0.082475
0.011574
0.045698
1.216894
0.008959
0.008074
0.046972
0.031671
0.809236
0.045157
0.030665
0.018209
0.017717
0.007936
0.047011
3.67047
0.005361
0.047683
3.711142
0.010673
0.008514
0.038425
0.004347
0.04104
7.169563
0.011154
2.141752
0.005462
0.006046
0.046244
2.497881
0.006615
0.045697
0.303307
0.005042
0.047623
1.087722
0.006681
0.004735
0.048702
0.028695
3.577114
0.005046
0.046837
1.44343
0.005133
0.005058
0.046568
3.565223
0.005641
0.047191
14.276766
0.027207
0.004858
0.004532
0.004816
0.018778
0.003365
0.003189
0.006326
0.153651
0.005372
0.051209
0.050739
0.020113
0.024033
0.044728
0.043416
0.008281
0.048005
0.051239
0.009843
0.045842
1.235194
0.006735
0.004414
0.048784
4.411503
0.010812
0.005847
0.030017
0.016913
5.511354
0.034412
0.015146
0.004506
0.036674
0.003363
0.046621
0.409831
0.008945
0.006729
0.004202
0.003113
0.005223
0.040583
0.003536
0.029145
0.390518
0.00574
0.005055
0.048166
0.029336
0.407931
0.005431
0.005707
0.046711
106.507117
1.504585
0.020942
0.093052
0.021826
0.091501
106.872333
0.116996
0.01454
0.009278
0.005152
0.04212
0.005378
0.018065
0.010112
0.02269
0.012255
0.00855
0.04714
0.03072
0.018808
0.007936
0.048086
136.955186
0.016091
0.052251
0.005283
31.1886
0.13248
0.02492
0.011406
0.017712
0.0311
0.089445
0.026253
0.753163
0.016213
0.019169
0.026284
0.027531
1.436197
0.052552
0.933571
0.00206
0.039968
1.622482
1.596034
0.492229
3.707795
0.027566
0.079317
0.021722
0.030559
1.123988
3.063875
1.593514
4.928471
0.004931
0.004646
0.012742
0.034104
0.033664
0.045273
1.594281
3.207727
0.343876
0.029387
0.003572
0.005777
0.005479
0.017654
0.003353
0.003834
0.008054
0.05526
0.013715
0.040929
0.009236
0.046002
0.008269
0.055156
0.009544
0.045863
5.296638
0.007175
0.035315
0.027767
0.429389
0.005074
0.035636
0.037368
0.42101
0.007154
0.026035
0.026808
190.447106
0.013441
1.505367
124.280858
0.015131
0.104589
0.036782
0.014977
0.004177
0.008321
0.033984
0.005344
0.116326
125.901118
0.038992
0.015872
0.016777
0.037808
0.029114
0.006524
0.007316
0.020822
0.013253
0.005708
0.004591
0.005667
0.014862
0.003289
0.006277
0.015827
0.00291
0.005817
0.002617
0.003488
0.028493
0.016189
0.042388
0.03306
0.033292
0.015152
0.00552
0.038144
0.669584
0.044916
0.015073
0.018242
0.004322
0.003219
0.004138
0.045046
0.027214
0.012517
1.327533
0.036608
0.00536
0.037875
0.819948
0.043873
0.016155
0.016736
0.003722
0.003606
0.024811
0.009486
0.025296
0.008887
0.04729
1.511069
3.487688
0.013107
1.594912
0.602571
0.027907
0.024579
0.961777
0.004381
0.003617
0.003869
0.043537
0.429387
0.011134
0.009837
0.010156
0.007142
0.009249
0.005803
0.022903
0.023768
0.003795
0.01171
0.015819
0.016829
1.602175
1.586323
0.117918
0.037507
0.049001
1.409714
0.004005
0.003481
0.004479
0.003939
0.021156
0.004756
0.013097
0.017096
0.001898
0.003531
0.015192
0.017726
0.003064
0.00286
0.004679
0.004725
0.002726
0.012039
0.007171
0.003386
0.005023
0.003156
0.004273
0.004737
0.003155
0.003739
0.017568
0.010756
0.023796
0.013017
0.017681
0.029893
1.593209
1.596329
1.004111
0.020017
0.01842
13.849862
0.026827
0.027675
0.00483
0.008003
0.020605
0.004622
0.004819
0.003763
0.019815
0.010821
0.005784
0.003805
0.003605
0.004436
0.008775
0.004077
0.001996
0.003006
0.012577
0.015917
0.004116
0.006729
0.046369
0.029884
0.341518
0.003272
0.025935
0.006677
0.009226
0.046541
1.111275
0.022957
0.010769
0.009832
0.00654
0.004518
0.005584
0.005484
0.006915
0.004755
0.017889
0.007541
0.004296
0.025619
1.593252
1.595424
1.145084
0.024981
0.025812
0.013019
0.005083
0.004824
0.015084
0.008915
5.636608
0.004654
0.019715
0.007058
0.011865
0.021288
0.012315
0.053418
0.027467
0.011359
0.00418
0.041476
0.003693
0.017296
0.022241
0.326697
0.012069
0.034036
0.030325
218.838809
0.012755
201.108394
0.016089
0.021744
0.002618
0.029512
0.005257
0.004699
0.004554
0.003661
0.006873
0.018602
0.004039
0.003533
0.003731
0.004865
1.491712
0.005953
0.036274
0.005792
0.003716
0.010344
0.004285
0.014581
201.566072
0.020469
0.023091
0.03005
0.005287
0.008925
0.005977
0.092141
0.017324
0.008529
0.01625
0.007042
0.00596
0.011528
0.016328
0.017125
0.004576
0.006592
0.012448
0.005912
0.002602
0.002943
0.100985
0.014741
0.026893
0.006503
0.016643
0.042026
0.032361
0.031694
0.01252
0.043225
0.657005
0.043006
0.015722
0.015126
0.022817
0.011965
0.013485
0.044019
0.012489
1.320185
0.005603
0.026039
0.031605
0.03078
0.815369
0.044545
0.015775
0.017271
0.004469
0.004898
0.005218
0.004789
0.04887
0.026575
0.008898
0.047132
1.593859
1.595851
0.468357
0.029508
0.038019
3.607568
0.03013
0.009102
0.003889
0.0429
0.003355
0.020019
0.030882
1.079255
1.052931
0.014013
0.013025
0.024236
0.005858
0.004936
0.005479
0.004209
0.020372
0.006484
0.012658
0.011702
0.012597
0.020253
1.594064
1.005002
0.020228
0.023301
10.295431
0.013225
0.545578
0.922132
0.025797
0.023916
0.006557
0.004518
0.004936
0.016903
0.005121
0.006527
0.013677
0.025437
1.491879
0.017207
0.013129
1.593746
1.593759
1.272814
0.203027
0.02172
0.091022
1.419625
0.007095
0.154028
12.044776
0.032587
0.027841
0.005769
0.003561
0.003523
0.020465
0.004971
0.004797
0.00503
0.020395
0.009297
0.006591
0.015365
0.004097
0.003487
0.008408
0.004729
0.009781
0.018027
0.02053
0.024334
0.007614
0.046739
0.032692
0.026255
0.00953
0.04577
1.498238
0.009574
5.536924
0.043753
0.011999
0.005479
0.039594
0.005618
0.017014
0.019044
5.950436
0.007939
4.95724
0.009347
0.00404
6.349448
0.021386
0.011995
0.004511
0.040871
0.0043
0.016786
0.028003
110.067475
0.014543
1.487978
0.01554
0.103173
0.015471
0.09696
0.016764
94.742139
0.014713
94.621204
0.059978
0.025008
0.029065
0.006411
0.008216
0.006997
0.013795
0.00428
0.007177
0.008576
0.011645
0.011802
0.006508
0.005357
0.003933
0.002321
0.01109
0.003158
0.003207
0.002789
0.00985
0.007317
0.018298
0.010834
0.007147
0.041695
0.030575
0.018893
0.012276
0.042976
0.683768
0.043047
0.014395
0.011699
0.0179
0.009095
0.012862
0.043915
1.431013
0.008909
0.840192
0.046752
0.014753
0.018233
0.008547
0.028494
0.008266
0.04791
6.113884
0.011245
3.758533
3.731303
0.024688
0.010349
0.004503
0.040588
0.003353
0.019757
0.020958
2.19832
0.009012
2.446473
3.828875
0.032585
0.027202
0.004851
0.005486
0.00384
0.01827
0.004955
0.003198
0.004227
0.02168
0.009489
0.007598
0.003033
0.003696
0.007076
0.003862
0.001777
0.005758
0.016743
0.004882
0.006765
0.014422
0.007588
0.006449
0.021282
0.021147
0.030217
0.037454
0.009522
0.046991
2.803631
0.006891
5.567088
0.020568
0.01325
0.004838
0.040375
0.004334
0.017072
0.021506
0.00515
0.005824
0.035794
0.006204
0.274292
0.005094
0.003229
0.005084
0.048699
0.030984
0.011047
0.005804
0.040587
0.003664
0.01809
0.0312
10.024237
0.959593
0.006342
0.006325
0.046793
0.030024
4.865693
0.007062
0.005385
0.047692
0.033183
0.007917
12.209508
0.045935
0.046251
0.0188
0.035999
9.936826
0.006311
9.888005
0.048158
0.047826
0.01837
0.033439
9.902795
0.049211
0.017715
0.005319
0.004624
0.048577
0.029286
14.657523
0.005206
0.048439
0.016174
0.425777
200.676242
0.013375
1.490368
0.015827
0.096868
0.016082
0.09511
0.01504
154.173812
0.006325
0.009445
0.004348
0.03211
0.016371
0.01011
0.005064
0.016713
0.019822
159.355118
0.037486
0.029111
0.00705
0.007333
0.005672
0.014139
0.00614
0.00693
0.007886
0.012121
0.011467
0.006673
0.00903
0.003919
0.00287
0.002039
0.005138
0.004583
0.008857
0.025611
0.00676
0.007701
0.024779
0.020119
0.032352
0.027532
0.059016
0.734139
0.017709
0.003755
0.0032
0.003898
0.010459
0.016866
0.034894
1.385467
0.006153
0.009976
0.04223
0.029925
0.90433
0.01874
0.004686
0.004102
0.005556
0.004837
0.048705
0.019215
3.679063
6.625928
0.012551
3.647789
0.038227
0.079157
0.022239
2.202188
0.004755
0.077709
2.36774
0.006921
0.047027
3.856498
0.019466
0.027205
0.004218
0.013053
0.005769
0.010593
0.004945
0.004485
0.004415
0.018943
0.011449
0.005993
0.005077
0.004528
0.002998
0.004758
0.006103
0.006169
0.026251
0.005004
0.004516
0.027964
0.047002
0.023692
2.750441
0.006739
0.08424
5.621796
0.032904
0.079763
0.027039
4.566866
0.00508
0.076887
4.881156
0.005079
0.047558
108.411879
0.404156
0.403161
137.237937
1.159059
0.021244
0.090966
0.021646
0.094278
99.063188
0.0048
0.035533
0.010889
0.005162
0.041164
0.004437
0.017224
0.014635
0.019763
0.009098
0.01152
0.004524
0.04063
0.004737
0.018359
0.011183
0.015859
0.011275
0.008576
0.046565
0.038889
0.024012
0.008566
0.047719
244.299974
0.006288
0.014724
0.006573
0.025419
0.020634
0.01273
0.005672
0.003307
42.029938
0.043999
0.045706
0.004513
0.007644
0.024171
0.005599
0.004177
0.005052
0.029616
0.013614
0.005568
0.008203
0.003039
0.039501
0.031613
0.115839
0.046947
0.714466
0.018288
0.004175
0.004465
0.003345
0.028894
0.04568
0.046318
1.371788
0.006359
0.046915
0.861061
1.626369
1.593939
2.083809
2.17666
0.107771
2.222222
0.004499
0.019486
0.004916
0.083568
1.593048
0.722593
3.882277
0.066605
0.056491
0.011224
0.006862
0.00317
0.003296
0.005331
0.011936
0.005189
0.005558
0.003096
0.01861
0.011952
0.00705
0.086627
0.02986
0.033563
0.047216
0.870814
1.978177
1.62491
0.403157
0.40281
1.586
2.056406
1.594195
1.055646
0.004863
0.040693
0.003946
0.915703
0.194809
0.200766
3.006129
0.005824
0.04741
0.021836
0.008027
0.028326
0.009325
0.003546
0.003878
0.029464
0.004273
0.00999
0.004269
2.657382
0.201252
0.24747
0.009251
0.497302
0.003525
0.042802
0.004927
161.390511
120.704363
0.012871
1.490559
0.019302
0.015213
0.083357
0.117105
1.305993
0.014945
7.902992
0.012782
4.208081
0.013423
1.491629
0.016115
0.099412
0.015261
0.097695
0.016451
16.352846
0.018905
0.390965
0.937047
0.094883
0.014146
0.050117
0.016751
0.093827
0.016118
0.097905
0.016352
0.096214
0.016793
0.018857
0.077513
0.016776
0.097222
0.017453
1.259084
0.324282
0.193987
0.008102
0.012633
0.081176
0.010738
0.009172
0.277151
0.009765
0.086156
0.01234
0.186988
3.280487
0.010853
0.010361
0.476132
0.496583
0.010632
74.274874
0.20201
0.198273
0.19866
2.33053
0.222041
0.010866
0.005594
0.005794
0.016011
0.008308
0.020931
0.010373
0.015615
0.401706
1.540972
0.02522
0.020082
0.390504
0.037397
0.031308
0.012865
0.006321
0.405711
0.013724
0.045566
0.034491
3.103629
0.278419
0.009294
0.031476
0.034809
298.481769
50.101783
0.400216
0.008422
0.003708
0.025529
0.020401
0.00382
0.019477
0.42479
0.016282
0.022278
0.028102
9.853273
0.044761
0.011922
0.021841
0.008082
0.009683
0.021707
0.017938
0.005458
0.004178
0.023058
0.011538
9.732255
0.028357
0.022802
0.019602
0.004882
0.003602
0.010322
9.822054
9.911257
582.517402
67.975688
0.806104
6.15661
0.046185
0.021506
9.899135
0.041186
0.019432
9.952862
0.051146
0.017805
0.025641
0.404391
0.403098
1.053751
0.045898
0.019391
5.6004
4.376738
9.944098
0.044037
0.01829
4.75141
0.043543
0.019881
9.929894
0.044311
0.020581
9.953949
0.046
0.018629
0.006337
16.246799
0.006221
0.004161
0.044024
0.004229
0.029577
0.00685
0.009592
0.004481
0.042215
0.003405
0.026706
0.036912
0.010643
0.005485
0.04216
0.007224
0.025016
0.025853
0.013452
217.966076
0.044193
0.003395
0.024299
0.006533
0.009201
0.045864
0.028811
0.008642
0.005446
0.041503
0.004981
0.212801
0.02672
0.006356
0.007621
0.04916
0.00885
0.047242
0.025269
0.016943
0.035845
0.008259
0.019709
0.013891
0.016676
0.047803
0.049148
0.009271
0.009954
0.038532
0.003752
0.019748
0.022846
0.009826
0.045146
0.034783
0.006664
0.00513
0.042645
0.003899
0.022177
0.006423
0.014923
0.365683
0.011269
0.031359
0.004095
0.024171
0.006624
0.015321
0.041395
0.033774
0.012331
0.00352
0.0427
0.005537
0.022111
0.007207
0.010982
0.005474
0.042645
0.003974
0.030138
0.006339
0.009194
0.047586
0.02977
0.008589
0.046672
0.036095
0.007099
0.003886
0.042272
0.028229
0.008942
0.011704
0.005484
0.044598
0.023219
0.009776
0.009852
0.046712
0.032915
0.010314
0.003523
0.04593
0.003974
0.022615
0.008207
0.008881
0.928864
0.04793
0.057863
0.035401
0.010533
0.006607
0.01901
0.005118
0.028892
0.013056
0.03354
0.006974
0.025777
0.05291
0.008004
0.009549
0.070982
0.045648
0.3312
0.005783
0.006241
0.022468
0.020094
0.00556
0.040567
0.398392
0.012016
0.005829
0.025274
0.023315
0.022539
0.028104
0.373275
0.005592
0.005599
0.013449
0.01513
0.017705
0.031666
0.41148
0.005905
0.004266
0.01468
0.016138
0.016157
0.033516
0.402686
0.006797
0.004274
0.036071
0.019153
0.02283
0.028173
0.378015
0.005878
0.004347
0.033479
0.030411
0.040616
0.380168
0.010386
0.020946
0.011346
0.019666
0.006866
0.426286
0.05252
0.004484
0.005052
0.018489
0.013221
0.013378
0.013943
0.035824
0.345231
0.021844
0.019025
0.016933
0.003346
0.007186
0.428249
0.020619
0.00572
0.003101
0.024389
0.016577
0.010694
0.045659
0.370867
0.01287
0.004596
0.005158
0.00344
0.013229
0.011465
0.014192
0.013249
0.015795
0.01966
0.387081
0.025941
0.018405
0.005068
0.027823
0.023596
0.011646
0.041856
0.341439
0.013163
0.005932
0.00579
0.009263
0.007585
0.018003
0.010442
0.006298
0.00441
0.006313
0.005602
0.003921
0.003607
0.003375
0.005109
0.007667
0.005511
0.005546
0.007475
0.003243
0.005217
0.003302
0.01071
0.008462
0.003555
0.003394
0.003959
0.011099
0.003876
0.003864
0.014518
0.016319
0.008476
0.003254
0.003694
0.023166
0.019777
0.216408
0.025089
0.016366
0.005061
0.024309
0.014019
0.020537
0.028894
0.360551
0.014563
0.0602
0.025849
0.318706
0.031073
0.024576
0.01682
0.014579
0.028594
0.022326
0.033315
0.405984
0.00567
0.026996
0.019126
0.032281
0.399436
0.020296
0.003746
0.00393
0.010982
0.041547
0.023847
0.021571
0.016793
0.028502
0.004848
0.004752
0.041646
0.00475
0.007308
9.019458
0.277589
0.584674
0.018608
0.00452
0.021235
0.008416
0.006776
0.402271
0.003516
0.020925
0.01389
0.014799
0.014208
0.129985
278.838068
0.733228
0.024313
0.008689
0.00629
0.005941
0.006923
0.004052
0.003392
0.003695
0.006786
0.009908
0.005266
0.006401
0.003733
0.004993
0.002935
0.039079
0.010965
0.033717
0.022328
0.303314
0.01554
0.019638
0.021685
0.032945
0.403416
0.016214
0.004856
1.504404
0.023015
0.017108
0.014666
0.014778
0.027517
0.045818
0.070211
0.017005
0.002945
0.009761
0.082742
0.114751
0.015245
0.007848
0.090834
0.388718
0.00588
0.029888
0.013835
0.004055
0.004102
0.003716
0.003065
0.007684
0.019332
0.024798
0.011743
0.093179
0.020725
0.005367
0.022206
0.091303
0.022612
0.099331
0.021821
0.090958
0.016973
0.011991
0.376782
0.019857
0.048472
0.088947
0.012485
0.011022
0.011329
0.016003
0.01964
0.112805
0.111438
0.016877
0.33901
0.025154
0.014942
0.005365
0.038493
0.272568
0.03799
0.065726
0.313108
0.015631
0.005169
0.021421
0.014008
0.020218
0.042305
0.370865
0.052334
0.004668
0.00484
0.022354
0.008653
0.004592
0.024896
0.015491
0.02565
1.300731
0.015921
0.33365
0.007827
0.09571
0.016745
0.055145
0.015529
0.008547
0.005546
0.013293
0.02009
0.015212
0.009719
0.082872
0.027015
0.019836
0.016628
0.015871
0.075741
0.015938
0.015238
0.084265
0.113344
0.015508
0.328676
0.006593
0.016003
0.005074
0.013743
0.011635
0.060256
0.119899
0.377911
0.053621
0.005911
0.003871
0.023363
0.018568
0.008497
0.011951
0.013811
0.021272
0.332211
0.019544
0.052973
0.004275
0.005794
0.024359
0.003859
0.013244
0.023173
0.01465
0.008088
0.005588
0.019547
0.317228
1.38749
0.003494
0.015317
0.031301
0.01663
0.018209
0.006038
8.263856
0.018856
0.038035
0.083684
0.026737
0.01722
0.014576
0.042018
0.081892
0.020668
0.011294
0.084286
0.015539
0.015647
0.083463
0.407424
0.016999
0.014533
0.326254
0.009027
0.0148
0.004862
0.007878
0.026049
0.004481
0.007918
0.076585
0.025119
0.016582
0.03026
0.040279
0.063618
0.015675
0.402892
0.365269
0.050701
0.005875
0.00387
0.027881
0.016314
0.017161
0.00493
0.015273
0.015697
0.338794
0.047892
0.018
0.041122
0.04527
0.02452
0.335647
0.499999
0.064447
0.027643
0.021522
0.008722
0.049763
0.061303
0.267703
0.013425
0.0042
0.028797
0.02297
0.017745
0.054263
1.722485
0.055414
0.046869
0.018962
0.84329
0.050835
0.004927
0.004227
0.019515
0.022961
0.011664
0.014017
0.028011
0.335698
0.016344
0.015192
0.036519
0.012732
0.021821
0.038348
0.362428
0.049803
0.005895
0.009448
0.010447
0.004914
0.018495
0.016452
0.015632
0.023033
0.355621
0.021524
0.050423
0.007096
0.003903
0.012551
0.023292
0.022695
0.010525
0.021255
0.013608
0.02118
0.28662
0.012508
0.013934
0.005483
0.005081
0.037507
0.021068
0.021698
0.017917
0.084784
0.038759
0.036745
0.201239
0.007167
0.00421
0.019222
0.022674
0.010677
0.038681
5.636461
0.395171
0.014208
0.028603
0.027135
0.030479
0.211437
0.186284
0.025728
0.015491
0.005512
0.00444
0.021209
0.008564
0.022782
0.03921
0.338556
0.007272
0.005289
0.025217
0.012412
0.006463
0.052669
1.504722
0.022655
0.400356
0.005671
0.005585
0.025228
0.00443
0.003154
0.027629
0.035725
0.310989
0.068789
0.016201
0.015861
0.004875
0.0052
0.004422
0.043344
0.019342
0.031487
0.354839
0.005885
0.004209
0.018257
0.02138
0.00653
0.043945
0.396847
0.007901
0.006277
0.028382
0.013054
0.013822
0.043093
0.38918
0.017458
0.007538
0.006258
0.46777
0.020581
0.004147
0.017864
0.023285
0.011348
0.039773
0.378656
0.059133
0.003971
0.024618
0.011801
0.013875
0.029964
0.035653
8.068749
0.044116
0.022193
0.314814
0.009013
0.055835
0.007322
0.004189
0.036186
0.004932
0.024979
0.250426
0.007513
0.004203
0.041812
0.004194
0.021128
0.008908
0.00973
0.003524
0.045325
0.004976
0.016506
0.359601
4.509231
0.017674
1.374775
0.045913
0.020923
2.161789
4.021999
0.004556
0.023669
0.012738
0.018621
0.021338
0.124235
0.03175
0.037703
1.79245
0.00478
0.183754
0.013578
0.031156
0.018402
0.030738
0.39958
0.007111
0.034354
0.026486
0.028743
0.403042
0.014525
0.032262
0.016722
0.027766
1.496087
0.020926
0.093483
3.714632
0.027904
0.029054
0.03154
0.081995
0.012677
0.027956
0.021369
8.237396
0.026119
0.013482
0.004842
0.005491
0.012186
0.005587
0.003215
0.004098
0.021903
0.014766
0.007415
0.007203
0.00713
0.009936
0.036975
0.005726
0.025673
0.006616
0.010994
0.045602
0.029417
0.011556
0.048304
0.658386
0.054158
0.015485
0.021558
0.016987
0.041952
0.529805
0.056455
0.024018
0.237977
0.045477
0.015872
0.009895
0.008244
0.047016
4.420466
0.041075
0.028735
0.038232
0.100347
0.035264
0.031617
0.235865
0.004119
0.005862
0.020939
0.018575
0.022256
0.005591
0.017074
0.017153
0.380874
0.011927
0.014149
0.024116
0.032565
0.032284
0.384561
0.012687
0.027635
0.032565
7.358519
0.0439
0.018563
0.016156
0.03238
0.004519
0.004166
0.018177
0.004936
0.004805
0.024088
0.017846
0.006235
0.006445
0.005254
0.047919
0.004855
0.025721
0.016137
0.011935
0.044499
0.031329
0.009534
0.046842
1.744265
0.041888
0.020515
10.224675
0.046041
0.020485
20.598648
0.012917
0.00923
0.011589
0.022268
4.72892
0.161642
0.018947
0.017362
0.049101
0.022976
0.031141
4.970202
0.021825
0.035347
5.152523
0.043685
0.021597
4.619465
0.03171
0.027136
0.185294
0.021055
4.710786
0.041971
0.028201
5.29482
0.003877
0.009319
0.004824
1.574373
0.056503
0.032064
0.033021
0.02531
0.434406
0.012486
0.007144
0.004031
0.023483
0.009672
0.012011
0.019144
0.02346
0.006994
0.003672
0.002466
0.008868
0.003422
0.030784
0.03559
0.037062
0.24058
0.006795
0.027316
0.030969
0.021073
0.031227
0.383525
0.006814
0.043719
0.027128
0.031671
0.378582
0.008491
0.008203
0.017659
0.008257
0.020621
0.057689
0.381959
0.006837
0.058119
0.025848
0.031284
0.361915
0.006848
0.022199
0.018488
0.03343
0.419664
0.005815
0.019957
0.018808
0.031868
0.417265
0.048946
0.005254
0.003701
0.025163
0.007365
0.008153
0.011937
0.018375
0.025417
0.339942
0.025047
0.005343
0.021876
0.022083
0.029299
0.408107
0.003379
0.002193
0.017444
0.007922
0.011842
0.011785
0.007805
0.031624
0.02261
0.369003
0.699972
0.292438
0.007489
0.020598
0.031291
1.243386
14.717651
0.199919
0.006793
0.035958
0.033529
0.030902
0.404942
0.380061
0.00557
0.026357
0.03545
0.03725
0.405931
0.395522
0.05036
0.009841
0.004227
0.010117
0.019674
0.007903
0.008134
0.01578
0.010665
0.363883
0.007735
0.050689
0.004162
0.005223
0.027005
0.023678
0.011069
0.004149
0.016451
0.324576
0.034273
0.034816
0.151609
0.295171
0.049637
0.00528
0.005548
0.010476
0.014986
0.012963
0.007489
0.015446
2.052072
0.382752
5.267021
0.005031
0.029165
0.008142
0.003575
0.005133
0.016377
0.005274
0.012896
0.007937
0.003938
0.018779
0.007566
0.006952
0.003406
0.005177
0.040037
0.004981
0.022352
0.007209
0.020984
0.005138
0.037157
0.005599
0.016825
0.011079
0.012233
0.047626
0.004336
0.022289
0.006248
0.018439
0.003859
0.037848
0.003356
0.019596
0.044159
5.601816
0.011134
0.045197
0.030363
0.009214
0.046125
0.367973
0.051354
0.018676
0.03001
0.359049
0.003559
0.034155
0.004345
0.026208
0.008882
0.0067
0.056744
0.033709
0.00792
0.049022
1.648269
0.021353
0.028453
0.016487
0.015262
0.158764
0.010263
0.013626
0.00505
0.038064
0.034871
0.019013
0.034711
0.008152
0.01639
0.02656
0.028419
0.032386
0.023615
0.210908
0.006498
0.019956
0.038006
0.03377
0.384681
0.052997
0.005778
0.003871
0.014853
0.011869
0.015498
0.013875
0.014258
0.013798
0.35453
0.010271
0.00712
0.024118
0.022326
0.031616
0.400286
0.005376
0.035958
0.036727
0.03195
0.38651
0.050648
0.007302
0.011172
0.036637
0.398076
0.012382
0.005219
0.00523
0.015973
0.006075
0.018997
0.018052
0.016191
0.01929
0.003416
0.368355
0.028696
0.013545
0.005371
0.02944
0.00731
0.020534
0.04326
0.354014
0.011909
0.004244
0.005795
0.016065
0.016981
0.006271
0.013879
0.018186
0.011964
0.393754
0.025332
0.013935
0.004854
0.023976
0.007625
0.026303
0.034789
0.353141
0.011593
0.004915
0.005841
0.010547
0.022015
0.003696
0.009746
0.014159
0.018737
0.157051
0.018948
0.018415
0.19669
0.01442
0.015264
0.004242
0.021071
0.018163
0.023488
0.044418
0.366554
0.01529
0.024756
0.034165
0.030694
0.383183
0.012447
0.003966
0.014898
0.007249
0.004346
0.032348
0.009882
0.004134
0.003273
0.003746
0.003699
0.00826
0.015112
0.004835
0.012621
0.019495
0.015598
0.012659
0.007003
0.004717
0.003721
0.035357
8.332343
0.025142
0.005774
0.007643
0.004801
0.019283
0.01039
0.003189
0.00716
0.004837
0.020069
0.010436
0.008055
0.009118
0.046289
0.033533
0.012193
0.258114
0.009022
0.023831
0.057359
0.010694
0.004281
0.003874
0.010907
0.011872
0.016756
0.021098
0.022229
0.014056
0.014009
0.344363
0.024397
0.015536
0.00507
0.031018
0.010485
0.027263
0.011282
0.737845
0.045865
0.015904
0.011651
0.00923
0.047163
0.867638
0.044211
0.015165
0.012734
0.007603
0.048721
2.793572
0.023424
0.037696
0.025912
0.48192
0.013255
0.034995
0.026807
4.217
0.02403
0.018412
0.026102
6.478807
0.028152
0.005806
0.005481
0.003844
0.018011
0.004971
0.003198
0.099161
0.012374
0.014848
0.008649
0.008158
0.009052
0.051598
0.007612
0.011246
0.023379
0.04866
0.023609
0.007483
0.035267
0.011464
0.058395
0.043244
0.332829
0.013244
0.018674
0.021046
15.879559
0.045822
0.019598
4.380552
0.048563
0.016194
39.403262
0.014757
0.023707
0.053967
0.127355
0.026625
1.425449
1.595385
1.627873
0.003738
0.00745
0.368659
0.019585
1.184147
1.596143
1.614247
0.003318
0.010193
0.086442
0.005259
0.037876
0.03065
0.029906
0.333008
0.036867
0.032885
0.011456
0.037189
0.034488
0.030654
0.385273
0.014536
0.035638
0.032567
4.306449
0.025988
0.029378
1.289167
3.611899
0.027584
0.032043
1.596176
1.593781
0.008273
1.602158
1.451554
0.019551
45.892467
0.011979
0.003563
0.0434
0.005292
0.017668
0.129179
0.563497
0.050196
0.988304
1.605264
0.025615
0.015348
0.020561
0.031467
0.027586
1.474957
1.595469
1.612946
0.494827
0.026626
1.075159
1.593179
1.638048
0.194475
0.005021
0.03116
0.018491
0.032435
0.035198
0.019553
0.101641
0.016873
0.004972
0.003986
0.003714
0.004244
0.034511
0.022467
0.169813
0.005861
0.0302
0.03641
0.024992
0.398613
0.006172
0.024441
0.037374
0.025985
0.413068
0.006159
0.031157
0.032573
0.059914
0.344572
0.006131
0.026358
0.025854
0.029148
0.410632
0.005034
0.037558
0.038332
0.030723
0.385191
0.013214
0.030518
0.031613
0.029369
0.406184
0.014655
0.005837
0.006126
0.018152
0.017266
0.00387
0.021247
0.028179
16.674467
0.010347
0.004503
0.043811
0.005263
0.022224
0.007251
0.02418
0.004172
0.00749
0.003843
0.021317
0.004011
0.004821
0.005656
0.019466
0.011275
0.013432
0.007778
0.009179
0.046527
0.032274
0.01145
0.378778
0.006527
0.04689
0.023157
0.021054
0.04158
0.390365
0.014213
0.024438
0.035134
0.033274
0.753595
0.041587
0.016204
0.017882
0.009212
0.046072
0.393034
0.013893
0.019319
0.025214
0.491582
0.028868
0.024899
0.035267
0.863829
0.044787
0.016859
0.362539
0.012919
0.037557
0.030653
4.126817
0.034592
0.028152
4.453148
0.009856
0.044989
0.034639
0.137038
0.027182
0.005172
0.005469
0.005761
0.016972
0.004971
0.005792
0.0057
0.019346
0.013938
0.008555
0.007464
0.008882
0.047579
0.033579
0.009204
0.047186
0.578422
0.012401
0.036283
0.025536
67.955639
0.024388
0.033123
1.595042
1.594016
1.619673
0.004806
0.003367
0.003496
0.038462
1.542954
0.390415
0.014717
0.004146
0.048798
0.028867
1.110392
1.613087
1.592567
0.834777
0.019587
0.742142
0.004669
0.009396
1.602037
0.560797
0.006486
0.037236
0.038327
0.015634
0.932821
0.458495
0.00584
0.028279
0.029049
0.029809
0.158987
0.036826
0.167689
0.02342
0.027565
0.007124
0.021236
0.019769
0.029116
0.909769
0.007948
0.678746
0.313251
0.006868
0.020279
0.018491
0.036448
0.90547
0.014491
0.033075
0.03161
0.033003
0.39616
0.013881
0.021238
0.022651
28.755105
0.013162
0.006421
0.028051
0.028071
1.56412
0.916828
0.007148
0.024123
0.037692
2.439013
0.033029
0.028422
0.026879
0.362418
0.014481
0.022202
0.030012
123.850016
0.011316
0.011539
0.035709
0.004297
0.02335
0.008337
0.026428
0.004523
0.007245
0.005121
0.018666
0.00367
0.003534
0.003746
0.024105
0.00855
0.011797
0.008088
0.009692
0.047617
0.033852
0.011534
0.045288
0.754535
0.041602
0.016725
0.010484
0.009209
0.046311
0.868182
0.046113
0.0161
0.011039
0.007608
0.047639
4.456946
0.031422
0.025532
1.396512
0.014236
0.026039
0.018495
3.767099
0.037471
0.031295
0.027321
0.047946
0.012392
0.019954
0.02353
0.017874
7.137871
0.026867
0.003852
0.00357
0.003843
0.021084
0.00402
0.004861
0.00471
0.02219
0.00813
0.008542
0.009567
0.009233
0.045278
0.033639
0.009218
0.046038
30.342508
0.430182
0.005521
0.004519
0.026912
0.038344
30.612104
0.011967
0.005157
0.039801
0.003377
0.019042
1.087725
1.596275
37.107064
0.012202
0.015383
0.034124
0.157223
0.027907
1.407122
1.595717
0.179123
0.004692
0.003413
0.003385
0.043406
0.003111
0.003061
0.00338
0.025202
0.069304
1.592873
0.089714
0.151649
0.518737
46.237396
0.025486
0.004211
0.008634
0.005442
0.018667
0.003975
0.004487
0.008587
0.017833
0.008119
0.006322
0.012312
0.010722
0.047194
0.030872
0.012524
0.049475
0.748766
0.043222
0.016695
0.018169
0.008254
0.0491
0.861331
0.044852
0.014854
0.016756
0.009204
0.047146
4.288251
0.025667
0.029381
0.032069
0.090962
0.012618
0.024439
0.022652
4.719518
0.024704
0.032043
1.605071
1.017586
0.01287
0.032442
0.021057
0.551932
0.090373
9.878095
0.028795
0.005129
0.00418
0.004185
0.018443
0.003991
0.004482
0.003775
0.021301
0.011935
0.006331
0.01568
0.008554
0.04802
0.033118
0.008903
0.277983
0.013575
0.047667
0.029882
0.031296
8.261047
0.009988
0.005793
0.041373
0.005981
0.026261
0.028254
0.008225
0.034256
0.010249
0.004869
0.01766
0.024013
0.003744
0.01903
0.021972
0.007917
0.040241
0.00799
0.004849
0.004187
0.035533
0.003915
0.019538
0.009675
0.010758
0.00422
0.0441
0.003989
0.023645
0.013223
0.009843
0.029757
0.005828
0.004182
0.006848
0.038483
0.004259
0.017887
0.010888
0.011283
0.005131
0.042241
0.004642
0.017508
0.010335
0.009534
0.045667
475.159081
1.476204
0.026039
0.018206
0.015085
0.080981
0.015148
0.014369
0.083373
0.122723
0.004578
0.004796
0.108631
8.757066
1.675813
1.999497
110.004545
0.012947
0.003076
0.004032
0.013821
0.02439
0.009137
0.013121
0.004893
0.00261
0.01219
0.003836
0.00306
0.024291
0.013829
101.231235
0.025474
0.005806
0.005397
0.01286
0.011612
0.005284
0.004835
0.003735
0.020805
0.008523
0.007093
0.014304
0.009585
0.046313
0.031816
0.011883
0.045647
0.753251
0.042573
0.015589
0.025094
0.007581
0.048646
1.536846
0.856623
0.044556
0.014355
0.018577
0.008582
0.04738
1.605196
1.613588
0.372676
0.025652
0.008711
1.182538
1.595896
1.617627
0.163628
0.007112
0.012399
0.020849
0.020259
0.00762
0.005631
0.007196
0.008268
0.007737
0.014982
7.668026
0.029088
0.004521
0.005769
0.005161
0.014582
0.005594
0.003539
0.00442
0.021339
0.011999
0.1566
0.0117
0.007494
0.020354
0.009522
0.008956
0.046805
0.036768
0.008858
0.04671
0.200974
0.006855
0.014316
0.024688
0.03254
25.444145
0.411338
0.006798
0.005677
0.018929
0.028822
0.441068
0.014165
0.017518
0.013809
0.03808
0.423652
0.014177
0.016558
0.012848
4.815036
0.003865
0.042604
0.004251
4.860997
0.007613
0.208433
0.045601
0.046158
0.019174
0.271082
0.005156
0.004057
0.006706
0.036739
0.011232
0.019055
0.007992
0.037654
0.005713
0.046509
0.015009
1.416521
0.019781
0.092219
2.177995
0.005181
0.048699
1.94054
0.004559
0.049032
3.725614
0.007936
9.937467
0.04586
0.043589
0.020487
2.201292
0.005169
0.047675
1.918227
0.006155
0.04754
21.039502
0.011073
0.009991
0.040766
1.59223
5.717968
9.95331
0.047155
0.017816
1.595218
1.618949
1.589275
1.595807
0.286092
0.005211
0.012076
0.025331
7.555886
9.249907
0.750091
0.072628
0.016648
0.024261
0.01766
0.033707
0.106341
0.01564
0.020102
0.008701
0.531346
3.234177
0.00865
0.004822
0.042715
0.005413
0.026963
0.00615
0.008549
0.03079
0.008972
0.005183
0.005738
0.035418
0.004435
0.023541
0.00769
0.008568
1.333592
0.404573
0.402148
3.641277
6.107488
0.443308
0.274393
0.032489
0.009149
0.122613
1.598948
1.327896
0.117227
0.060654
0.052859
0.01673
0.041448
0.075264
0.005035
0.032171
0.015544
0.025676
0.07252
0.015596
0.017875
0.082179
0.016892
0.095485
0.016373
16.481581
0.016911
0.003947
0.004622
0.004996
2.564516
0.038849
0.004545
0.010701
0.004775
0.003823
4.061762
0.048963
0.033567
0.007304
0.007319
0.011165
0.00387
0.012454
0.007044
0.018154
0.011978
0.007877
0.01269
0.013785
0.040983
0.032143
0.014804
0.041695
0.750615
0.042887
0.015062
0.013173
0.013422
0.041645
1.511817
0.867209
2.136245
0.044541
0.014791
0.02831
0.021528
0.007606
0.047771
1.595964
1.840171
1.637958
0.384078
0.711461
0.010991
0.005018
0.004371
0.003083
0.025747
0.010157
0.011888
0.006062
0.037124
0.007189
0.375424
2.457026
0.017439
0.015077
0.054605
0.003105
0.010004
0.027472
0.005406
0.081338
0.015242
1.106679
0.005727
0.003548
0.009115
0.279845
0.005886
0.019117
1.416795
0.049742
0.426029
0.021441
0.015731
0.033111
0.414268
0.013879
0.008876
0.013171
0.916589
0.011038
0.019907
0.026326
7.726069
0.01038
0.005792
0.040394
0.004947
0.021622
0.006797
0.028777
0.004169
0.0042
0.005152
0.017348
0.005306
0.005105
0.00534
0.018017
0.011397
0.007591
0.008808
0.008581
0.046361
0.033288
0.008255
0.048364
1.594074
1.593741
6.010927
1.615131
0.939604
0.564953
0.021299
0.091244
0.021296
0.090621
5.574227
0.011656
0.004807
0.042013
0.008205
0.013011
1.597299
1.596909
7.486658
10.287528
1.594772
1.596081
1.617745
0.004074
0.003905
0.004699
1.003834
0.007257
0.007877
0.004066
0.004997
0.002647
0.021841
0.008137
0.006814
0.015918
0.023412
0.020966
0.397406
0.05202
0.00382
0.002905
0.004702
0.003455
0.003444
0.003572
0.003458
0.00314
0.005036
0.005986
0.014833
0.008066
0.010131
0.005783
0.003946
0.003151
0.003437
0.009773
0.002503
0.003922
0.013494
0.0044
0.012081
0.012382
0.005315
0.002197
0.002064
0.004459
0.012951
0.013252
0.244116
0.027576
0.014251
0.005395
0.003743
0.002864
0.004576
0.004677
0.017015
0.0104
0.008238
0.019602
0.002992
0.006317
0.003739
0.006277
0.015855
0.025493
0.327149
0.052473
0.003728
0.00346
0.003907
0.002884
0.005818
0.005918
0.007402
0.003701
0.002953
0.002908
0.004064
0.003964
0.009412
0.003925
0.006897
0.003332
0.005071
0.003064
0.003438
0.003141
0.004533
0.003644
0.004778
0.004332
0.004765
0.007586
0.015226
0.017524
0.018938
0.282107
0.034164
0.00458
0.005743
0.00167
0.005088
0.002003
0.0067
0.012397
0.010927
0.02102
0.391514
0.050396
0.005889
0.004334
0.006549
0.003129
0.004484
0.013493
0.00406
0.003809
0.002069
0.003652
0.006958
0.005902
0.005654
0.007732
0.003835
0.004094
0.003722
0.004347
0.006542
0.00412
0.015147
0.023168
0.0076
0.011489
0.003756
0.003803
0.010717
0.009643
0.26276
0.008662
0.032497
0.00665
0.004452
0.005018
0.00469
0.005014
0.003853
0.009971
0.015417
0.010796
0.017647
0.006776
0.353819
0.051157
0.005953
0.00521
0.003376
0.002927
0.00308
0.005055
0.003117
0.004077
0.012995
0.020448
0.00683
0.007868
0.006082
0.00653
0.007448
0.003544
0.004127
0.0035
0.004945
0.011985
0.004917
0.012872
0.003335
0.004657
0.010407
0.004616
0.00395
0.004823
0.027088
0.00473
0.0043
0.008737
0.017594
0.014154
0.004593
0.003414
0.005231
0.004419
0.009643
0.165326
0.018645
0.014943
0.004017
0.004354
0.003088
0.002849
0.003896
0.006775
0.011775
0.007918
0.020847
0.013953
0.390404
0.051389
0.004673
0.004994
0.004757
0.005056
0.004018
0.0023
0.002759
0.00859
0.01426
0.003736
0.003032
0.003903
0.008915
0.004438
0.001994
0.003252
0.004665
0.003836
0.003677
0.009033
0.008235
0.020597
0.017524
0.012213
0.271191
0.017292
0.004774
0.005868
0.003747
0.002375
0.002622
0.007533
0.007717
0.007728
0.026786
0.426461
0.05229
0.003782
0.002905
0.005023
0.003479
0.003015
0.004001
0.00378
0.003066
0.008366
0.001751
0.013488
0.004857
0.007534
0.00475
0.002462
0.004178
0.005637
0.002764
0.002662
0.003887
0.011321
0.019031
0.017334
0.008906
0.294614
0.011564
0.057524
0.003158
0.003123
0.003756
0.00527
0.013415
0.003465
0.004018
0.003018
0.003906
0.004713
0.0041
0.003403
0.004134
0.009059
0.005679
0.003823
0.005787
0.00208
0.002622
0.004078
0.003681
0.004897
0.008555
0.031428
0.019121
0.013178
0.255312
0.016725
0.015229
0.006042
0.003119
0.003703
0.003398
0.00427
0.017414
0.009232
0.005997
0.007728
38.459044
0.013766
28.00533
0.015274
0.003654
0.003362
0.005264
0.012074
0.018296
0.011231
0.004651
0.004328
0.003614
0.005299
0.009217
0.003044
0.009588
0.003088
0.004892
0.003394
0.014172
0.007987
0.003092
0.003737
0.00508
0.002333
0.002997
0.004694
0.015817
0.016154
0.008699
50.117131
0.028128
0.007168
0.00669
0.006951
0.014135
0.006179
0.007492
0.007107
0.012126
0.013856
0.006919
0.009752
0.01319
0.042529
0.033347
0.012998
0.043619
0.763011
0.03753
0.015515
0.016925
0.01488
0.043271
1.307229
0.007474
0.013677
0.016369
0.033286
0.00814
0.860289
0.043871
0.015087
0.015213
0.009227
0.047373
5.012101
1.11575
0.013726
0.36248
0.017785
0.022545
0.073208
3.681959
0.016899
0.022594
0.013597
0.01648
0.083256
0.016433
0.01429
0.084971
0.016907
0.097005
0.016878
0.09571
0.016443
0.096363
0.01675
0.095807
0.015176
0.685391
0.012834
0.005676
0.012531
0.039436
0.109275
0.016685
0.039641
3.774887
0.009127
0.003571
0.117109
0.015407
0.043772
0.004947
0.022219
0.010985
0.081762
0.01807
0.094445
0.015773
0.373706
0.096018
0.05356
0.017177
0.013933
0.035877
0.031345
0.079782
0.016987
0.014866
0.082029
0.016912
0.040621
0.056954
0.016919
3.324954
0.011351
0.023099
3.721652
0.058156
0.02753
0.004194
0.004193
0.021943
0.00708
0.016897
0.017805
0.004959
0.004805
0.003438
0.031127
0.00836
0.007129
0.019756
0.008906
0.046336
0.027848
0.00794
0.048196
5.290604
0.096901
0.005824
0.022639
0.006767
0.036043
0.419206
0.006142
5.664464
0.011991
0.005805
0.024404
0.022766
0.040021
0.004014
0.023143
0.047954
0.519962
0.203218
0.020538
0.091911
6.183642
0.01443
7.086406
0.055134
0.025815
0.00419
0.006917
0.003849
0.021838
0.003388
0.003826
0.003416
0.024353
0.015468
0.00673
0.008346
0.008265
0.047444
0.029166
0.012528
0.046959
0.003101
0.74792
0.043261
0.95578
0.043209
0.014773
2.442139
0.009135
0.49065
0.010113
0.489199
0.010122
0.485574
0.013372
0.483122
0.01308
0.757908
0.224293
0.013423
4.41442
0.054177
7.845066
0.008227
0.048623
0.046958
0.064295
0.008591
0.048222
0.029521
0.02848
0.004509
0.009952
0.003888
0.014049
0.003359
0.004155
0.003417
0.021847
0.010272
0.007413
0.018953
0.008904
0.047427
0.0407
0.009542
0.445355
0.056348
0.014131
28.387755
1.517667
0.096868
0.017465
0.040279
0.023054
0.040196
0.017704
0.040458
0.022216
0.032255
0.01509
0.049079
0.020512
0.028654
0.017589
0.040568
0.014266
0.039814
0.016169
0.015234
0.082408
0.017961
0.041335
0.024512
0.028421
0.015207
0.065566
0.02076
0.02263
0.016057
0.043147
0.015004
0.040546
0.015991
0.017211
0.078972
0.018667
0.039882
0.0143
0.042845
0.015661
0.015218
0.091853
0.01677
0.042773
0.024201
0.032496
0.016192
0.066558
0.021917
1.516682
0.016321
0.041705
0.020014
0.039686
0.015406
0.052334
0.017484
0.028028
0.016561
0.05159
0.042585
1.455543
0.017212
0.050753
0.019655
15.504927
31.033933
34.046868
89.4583
0.01227
89.550855
0.005789
0.004289
0.005131
0.020273
0.005594
0.004489
0.005034
0.024597
0.006348
0.010313
0.017926
0.00792
0.206004
0.048541
0.033424
0.008582
0.047979
0.744129
0.040862
0.014764
0.019977
0.009545
0.046954
1.292883
0.008326
0.862372
0.046426
0.033373
0.009546
0.047383
3.752533
3.790592
0.011177
0.008382
0.036674
0.004659
0.016948
2.198256
0.010496
3.53461
2.444405
0.339467
0.027216
0.003899
0.003898
0.004218
0.022027
0.004979
0.004167
0.005659
0.018762
0.009906
0.006352
0.027451
0.206434
0.044944
0.037443
0.056097
1.292118
0.023846
0.497527
0.007015
0.492204
0.018573
0.480243
0.013101
45.057528
68.651466
70.621283
4.805386
1.501582
0.01441
0.02888
49.054183
28.443534
0.016513
38.124629
0.013442
39.609064
0.028432
0.007416
0.006312
0.006954
0.013495
0.007412
0.006931
0.006355
0.013343
0.009617
0.005998
1.489837
0.018858
0.020771
0.021996
0.204459
0.035894
0.050294
0.101225
0.012516
0.015138
0.044115
0.097639
0.015984
0.732094
0.042291
0.016279
0.015128
0.014901
1.287872
0.020208
1.355294
0.012901
0.497798
0.019282
0.963973
0.018428
0.056325
0.478745
0.016732
2.48609
0.484387
0.013994
4.409972
7.772704
0.061402
0.013731
0.004563
0.02814
0.004202
0.004515
0.005764
0.01821
0.004338
0.004141
0.005341
0.025971
0.010976
0.007065
0.028177
0.009527
0.046255
0.030718
0.009211
0.046404
0.473018
0.01374
49.51646
112.129863
0.011948
112.415327
0.024802
0.005786
0.006198
0.005761
0.020016
0.004338
0.005151
0.003766
0.020281
0.008159
0.005218
0.015329
0.01101
0.207638
0.045616
0.037019
0.008743
0.799884
0.03962
0.013999
0.018206
0.007581
0.048802
1.287932
0.008949
0.866934
0.042621
0.03929
0.046327
3.756003
3.796427
0.013569
0.005482
0.039466
0.004011
0.017239
2.196238
0.009517
2.605334
1.506572
3.594967
0.845256
9.98068
0.094453
0.010072
0.007084
0.017549
0.086903
0.651334
0.008864
4.467253
0.019721
0.47647
0.011522
0.011062
0.005854
5.73797
0.078971
0.463593
0.007356
122.06979
0.013129
30.077352
0.013363
1.493812
0.020702
0.054621
30.200733
0.106874
0.016446
0.108363
0.009736
0.011727
0.007092
0.103274
0.08781
0.019178
0.848041
0.016296
0.009259
1.436746
0.01151
1.28204
0.926061
0.059104
0.01813
0.05532
2.331674
0.014439
3.75596
3.779927
0.083259
0.377233
0.078247
4.656167
3.470644
0.092519
0.009638
0.005626
0.019823
0.087919
1.611247
1.186582
0.005352
0.006334
0.047494
0.028199
5.696917
0.011976
0.004207
0.04034
0.022977
4.572103
0.084756
4.874489
0.006034
0.006315
0.045129
0.033608
0.006625
6.43738
0.046464
0.045136
0.017895
0.271351
0.015062
0.006601
0.032397
0.012426
0.006769
0.364187
0.056763
0.02651
0.005465
0.006853
0.004842
0.019913
0.003704
0.005144
0.005046
0.01862
0.009957
0.006668
0.022158
0.00982
0.047066
0.029237
0.008249
0.048208
0.749404
0.042848
0.016016
0.016676
0.008883
0.048049
0.924577
0.018655
5.143206
0.004384
0.049134
3.800288
0.011025
0.005154
0.041556
0.004332
0.018504
4.339945
3.584622
0.053705
0.061499
0.214741
0.006252
0.046001
0.280906
0.027512
0.005468
0.003851
0.005164
0.018251
0.00494
0.003839
0.005036
0.02059
0.008105
0.007163
0.018561
0.009842
0.045772
0.030796
0.056515
6.319925
0.205505
0.021373
6.317773
0.091629
0.015798
0.004509
0.037877
0.005595
0.017505
7.36232
0.021738
0.005569
0.492645
0.010924
0.009836
0.47511
0.009796
0.49715
0.487355
0.008776
0.490352
0.008913
156.714427
0.015199
0.05329
166.599921
0.024824
0.005466
0.007419
0.005441
0.019028
0.005613
0.003522
0.004712
0.019434
0.011073
0.00632
0.019222
0.009541
0.047649
0.031491
0.008876
0.046354
0.75223
0.0387
0.016056
0.01806
0.008539
0.047975
1.436832
0.009748
0.863641
0.04483
0.014548
0.015383
0.008891
0.046519
3.757704
3.78488
0.008783
0.005461
0.042931
0.021733
2.197725
0.007048
1.450732
0.404449
0.402515
2.750086
1.248826
0.251699
0.00829
214.872481
3.451449
1.499259
0.008997
3.433573
1.496269
0.009464
3.461348
1.497114
0.007371
3.543393
21.836071
0.028795
0.005122
0.005141
0.004826
0.01813
0.003987
0.004161
0.003418
0.022036
0.015699
0.016434
0.008253
0.046884
0.029532
0.008556
0.046605
2.409917
0.010121
5.688919
0.010658
0.005766
0.040424
0.003372
0.017248
5.035726
0.009532
4.956766
0.008002
4.948848
0.010122
44.177895
0.013728
1.490098
0.016326
0.102443
0.01485
0.097011
0.015096
11.532815
0.016564
0.05107
22.924259
0.030331
0.004704
0.007259
0.008535
0.013231
0.007059
0.00474
0.00884
0.013571
0.008232
0.007829
0.013982
0.01685
0.041385
0.030031
0.017293
0.041042
0.753973
0.042258
0.014329
0.017866
0.016447
0.041014
1.43599
0.009717
0.861342
0.044534
0.016066
0.019666
0.007602
0.048913
3.002066
0.012905
3.764925
3.77607
0.0091
0.004529
0.042591
0.004635
0.016142
2.191265
0.008498
2.444951
3.872572
0.029105
0.00452
0.003528
0.003843
0.019351
0.005569
0.003856
0.005355
0.019787
0.009805
0.005836
0.017267
0.008877
0.047483
0.031863
0.007936
0.048188
5.754862
0.015458
0.005163
0.037112
0.004653
0.01779
7.57938
1.593841
1.594195
1.618878
1.021323
0.023215
0.018136
0.019698
0.006536
0.005203
0.005023
0.002878
0.004025
0.00457
0.004054
0.002862
0.004027
0.005837
0.003759
0.003397
0.004015
0.005532
0.005029
0.00373
0.003716
0.00598
0.003718
0.007733
0.005196
0.004385
0.002875
0.002296
0.005379
0.006447
0.003419
0.006442
0.003903
0.00309
0.003381
0.002852
0.00413
0.008138
0.013035
0.015292
0.004976
0.002136
0.003125
0.005479
0.003751
0.003078
0.003702
0.003426
0.00869
0.008451
1.584142
1.594998
1.490829
0.017427
0.013335
0.006515
0.005212
0.003663
0.004433
0.002874
0.004866
0.002949
0.005406
0.004393
0.004675
0.004772
0.010236
0.006627
0.003735
0.002864
0.002692
0.005293
0.003658
0.00234
0.004389
0.003881
0.003205
0.024185
0.007185
0.023277
0.016368
1.504661
1.594268
1.616144
0.003446
0.006476
0.005135
0.022839
0.00641
0.003566
0.004039
0.023832
1.516461
1.59525
1.815352
0.017471
0.021213
0.009688
0.026342
0.015118
0.073832
0.004955
0.004042
0.003664
0.003834
0.004487
0.005113
0.004194
0.00306
0.004718
0.004104
0.002651
0.00374
0.005313
0.004719
0.001855
0.002951
0.005087
0.003455
0.0054
0.009033
0.003421
0.004885
0.003914
0.001762
0.003162
0.004081
0.003001
0.008906
0.004937
0.014139
0.005576
0.006728
0.003779
0.002527
0.005036
0.001731
0.003117
0.004994
0.002283
0.003005
0.009761
0.005458
0.003743
0.005889
0.003347
0.003782
0.011552
0.005631
0.014797
0.004475
0.004988
0.003389
0.002077
0.011637
8.770553
0.012479
0.007491
0.004808
0.0041
0.002861
0.003021
0.004216
0.00444
0.002054
0.003554
0.002708
0.003538
0.004227
0.005336
0.009824
0.003135
0.003848
0.003746
0.005902
0.002194
0.002878
0.003272
0.009525
0.003306
0.002302
0.003501
0.004175
0.002639
0.003102
0.006326
0.003336
0.006773
0.002205
0.003176
0.004546
0.004199
0.007433
0.004233
0.003284
0.004159
0.009874
0.004514
0.003296
0.002561
0.00224
0.003281
0.003455
0.005072
0.00441
0.010438
0.004902
0.003163
0.002301
0.002694
0.004584
0.004389
0.003778
0.003496
0.002929
0.002024
0.004074
0.002318
0.00528
0.00249
0.005045
0.017331
0.004793
0.007453
0.003634
0.002806
0.004907
0.005147
0.009709
0.004935
0.00328
0.009609
0.010202
0.003112
0.007945
0.004117
0.003945
0.015423
0.00672
0.350932
0.016409
0.012226
50.5347
0.0122
1.489947
0.0156
0.101748
0.01604
0.0963
0.016246
8.429542
1.67104
0.003883
0.005801
0.004007
0.052324
0.003651
0.003256
0.003445
0.010268
0.004449
0.00332
0.004219
0.006265
0.006943
0.005815
0.005235
0.002945
0.004815
0.001985
0.002826
0.003855
0.00524
0.005876
0.010607
0.007504
0.002616
0.002076
0.003649
0.004536
0.004534
0.003541
0.005242
0.002463
0.00581
0.006119
0.005715
0.020985
0.003434
0.004677
0.003988
0.007294
0.00433
0.009793
0.002901
0.011592
0.003195
0.005467
0.003793
0.006623
0.016167
0.0058
0.007674
1.222472
0.021846
0.010338
56.825598
0.012025
0.020106
0.033963
1.429428
0.012378
0.006637
0.018926
86.88849
1.501124
0.021313
0.092627
0.020653
0.093401
154.845178
0.009257
0.004503
0.044455
0.004749
0.017506
0.011468
0.007608
0.033517
0.009275
0.003544
0.004482
0.039993
0.004093
0.018175
0.009902
0.007932
0.047608
142.31401
0.011835
1.490681
0.016667
0.097533
0.015044
0.098505
0.015019
174.308001
0.013512
0.002675
0.003304
0.004093
0.004156
0.014552
0.021815
0.007042
119.78792
0.030364
0.005568
0.007898
0.006353
0.012209
0.007368
0.005692
0.008899
0.012683
0.146424
0.011511
0.007652
0.022831
0.018139
0.020217
0.01646
0.043359
0.028156
0.012851
0.043976
0.791962
0.043848
0.014939
0.016002
0.014386
0.04169
1.243967
0.005857
0.006637
0.011247
0.040069
0.862839
0.043901
0.016095
0.018485
0.008548
0.046245
1.591426
1.596484
0.511057
0.011068
0.0247
3.767493
0.010988
0.005473
0.041449
0.004305
0.01764
1.067937
0.013244
0.010037
8.043574
0.011878
1.073731
0.025174
0.014298
0.027097
0.007121
0.005216
0.003431
0.002851
0.003707
0.004556
0.004476
0.010856
0.004355
0.009249
0.003107
0.003387
0.003064
0.004776
0.00249
0.001884
0.004368
0.009518
0.011729
0.003075
0.00216
0.002514
0.004425
0.004697
0.00288
0.004124
0.00911
0.005405
0.019915
0.025198
0.005406
0.044559
1.593382
0.55716
0.015194
0.011581
3.832534
0.02812
0.005807
0.00516
0.00354
0.018731
0.004341
0.005428
0.004402
0.020814
0.007937
0.007487
0.01614
0.008242
0.047402
0.030344
0.008239
0.048045
1.010211
0.292803
0.022831
0.027464
0.005802
0.003759
0.003396
0.003706
0.001752
0.034107
0.005034
0.00577
0.004508
0.002174
0.003696
0.00521
0.006856
0.016411
0.003001
0.005274
0.004702
0.00532
0.002732
0.007908
0.026297
0.290784
0.020522
0.024537
0.004715
0.00341
0.002853
0.004026
0.009176
0.004107
0.004677
0.003719
0.013276
0.015474
0.005015
0.007225
0.004603
0.015546
0.006854
0.003608
0.021357
0.009967
0.038353
0.260091
0.012393
0.005678
0.023727
234.923107
0.01279
1.489909
0.015608
0.015732
231.326023
0.013833
0.003335
0.003923
0.002773
0.00321
0.006963
0.030434
0.007856
0.002247
0.002567
0.007122
0.005614
0.003179
0.002185
0.004155
0.0025
0.017852
0.014466
0.012586
0.005709
0.002767
0.004673
0.008098
0.025502
233.544282
0.03004
0.00637
0.005977
0.007642
0.015083
0.004843
0.007234
0.007944
0.01477
0.008382
0.005648
0.015387
0.014408
0.044239
0.029788
0.016208
0.041041
1.488568
0.015686
0.099011
0.016693
0.098661
0.018206
0.755591
0.042942
0.016327
0.013868
0.015498
0.043302
1.328232
0.005201
0.014318
0.008046
0.04331
0.861865
0.044229
0.015522
0.016948
0.009855
0.046356
1.365826
0.014081
1.593527
1.595289
0.488006
0.017787
0.007421
3.70661
0.01101
0.003852
0.041825
0.003657
0.017882
1.104376
0.018639
1.066322
0.013626
0.025743
0.023996
0.00616
0.004227
0.005015
0.00341
0.004985
0.001984
0.004433
0.003428
0.003385
0.005052
0.005157
0.003098
0.003386
0.003353
0.002721
0.006597
0.004035
0.002084
0.003902
0.00286
0.007787
0.006665
0.004784
0.017837
0.005674
0.003716
0.003717
0.004038
0.010139
0.003118
0.003859
0.023953
0.02424
0.025329
1.492112
0.658028
0.016156
0.020539
3.846898
0.029083
0.005162
0.0045
0.004482
0.018226
0.003371
0.005101
0.005656
0.018804
0.0111
0.005874
0.015391
0.007897
0.047995
0.029667
0.009518
0.046478
0.90195
0.384466
0.009822
0.024193
0.025324
0.004537
0.003095
0.002352
0.011205
0.010053
0.005258
0.002078
0.002754
0.005882
0.005177
0.004002
0.005923
0.013491
0.002033
0.005781
0.009937
0.004459
0.00343
0.002817
0.002726
0.004889
0.007017
0.006313
0.007278
0.01349
0.280563
0.010138
0.010491
0.004549
0.004054
0.003716
0.002864
0.009552
0.027289
0.004062
0.003715
0.004998
0.005835
0.024465
0.011018
0.00535
0.002109
0.011365
0.009042
0.007727
0.010891
0.329821
0.014507
0.021996
0.024368
75.140295
0.012865
1.491714
0.01633
66.886159
0.013831
0.005241
0.003947
0.002766
0.008144
0.006632
0.025206
0.004961
0.003436
0.003523
0.003199
0.007276
0.003601
0.00459
0.003065
0.122099
0.020322
0.014869
0.016463
0.005384
0.020312
0.010937
0.101282
69.148562
0.01503
0.028742
0.006498
0.007003
0.008535
0.011951
0.007982
0.006982
0.006024
0.012583
0.010918
0.005869
0.016677
0.014085
0.04232
0.030051
0.015928
0.042691
0.754349
0.043485
0.014052
0.017216
0.01384
0.044267
1.349755
0.005555
0.007596
0.009967
0.040068
0.861574
0.044517
0.014262
0.018985
0.008896
0.048481
1.5927
3.064133
0.012505
1.596563
0.496148
0.005863
0.011901
3.658138
0.004105
0.009544
0.003556
0.043054
0.004658
0.017132
1.104008
0.005568
0.004691
0.042925
1.036872
0.025166
0.026429
0.019737
0.006857
0.013963
0.003089
0.005822
0.003439
0.002249
0.003504
0.004048
0.004877
0.002893
0.003154
0.00264
0.005989
0.003941
0.00501
0.00405
0.003077
0.012307
0.002526
0.005809
0.001848
0.005031
0.023276
0.005062
0.003161
0.003382
0.004665
0.002614
0.008042
0.029477
0.019757
0.020851
1.510464
0.629613
0.023196
0.006781
3.868762
0.029096
0.004202
0.005466
0.004487
0.017509
0.004968
0.004797
0.00471
0.018856
0.010553
0.006242
0.017275
0.008892
0.046517
0.029801
0.007618
0.048596
0.937423
0.352769
0.032692
0.019117
0.020531
0.042423
0.006515
0.385589
0.015983
0.008024
0.020079
0.009008
0.445528
0.027229
0.013278
0.012413
0.005857
0.005037
0.003732
0.003531
0.002535
0.004372
0.003651
0.010222
0.001667
0.002995
0.009519
0.024048
0.014872
0.332497
0.014187
0.023275
0.006769
83.044234
0.023227
0.025336
0.02948
1.436677
0.013922
0.010157
0.012846
299.965461
210.07014
0.017786
0.017336
0.031652
1.446423
0.013934
0.007596
0.008047
98.740081
0.013127
1.491803
0.015765
0.103086
0.014967
94.732095
0.012972
0.003929
0.004891
0.002073
0.003427
0.005036
0.096843
0.016608
0.038943
0.004583
0.003303
0.004532
0.003167
0.003095
0.004508
0.002362
0.002525
0.034335
0.003156
0.003616
0.004247
0.00252
0.005597
0.006327
0.003822
0.006716
0.012076
0.017007
0.005464
0.003481
0.004018
0.005284
0.036987
393.701066
0.088111
0.019909
0.00733
0.013431
0.089491
0.870218
0.016197
1.252361
0.005554
0.017196
0.009647
0.040527
0.978656
0.020992
2.926413
0.014436
1.594009
1.594926
0.505897
0.021307
0.0087
3.672449
0.009054
0.009023
0.038159
0.003988
0.018197
1.081088
1.080069
0.018474
0.017818
0.007577
0.005237
0.004861
0.003413
0.004994
0.004372
0.005517
0.003123
0.004151
0.002851
0.004409
0.005386
0.004342
0.002161
0.002835
0.005999
0.001983
0.003075
0.002188
0.001834
0.002865
0.009425
0.00406
0.003718
0.002865
0.005594
0.00549
0.009199
0.014563
0.010476
0.00997
1.550856
0.709539
0.006232
0.018941
3.865008
0.028448
0.004823
0.004205
0.005145
0.019008
0.004626
0.004182
0.00565
0.01932
0.010057
0.006666
0.016115
0.00857
0.046412
0.028871
0.008238
0.046563
0.860939
0.428417
0.027888
0.017196
0.022824
0.030575
0.007633
0.399001
0.019031
0.019439
0.023088
0.433523
0.011098
0.023241
0.006217
0.005828
0.004388
0.003409
0.002933
0.005825
0.003951
0.003732
0.004039
0.003077
0.011698
0.009605
0.008506
0.002931
0.003508
0.003207
0.007512
0.005593
0.005809
0.042993
0.321367
0.014167
0.011755
0.012209
0.022354
19.283062
1.503355
0.021765
0.091418
0.020402
0.091206
77.825629
0.008634
0.005128
0.042683
0.005681
0.01706
0.010081
0.009578
0.005119
0.042424
0.00441
0.018685
0.009095
0.008885
0.046649
0.028929
0.008891
0.046205
207.058765
0.013129
219.621254
0.013185
0.00396
0.005193
0.004572
0.004249
0.011321
0.022665
0.004535
0.003101
0.002511
0.003271
0.002319
0.003346
0.009198
0.002853
0.005044
0.016178
0.00491
0.004371
0.002689
0.009072
0.010398
0.00337
0.004295
1.49654
0.014844
144.203339
0.01691
0.024375
0.005967
0.09766
0.099872
0.015685
0.008001
0.018796
0.022866
0.094214
0.0852
0.016214
0.858459
0.016297
1.314221
0.004986
0.010156
0.013167
0.0351
0.978381
0.018162
1.594829
4.132696
0.012171
1.594825
0.502132
0.020667
0.017661
3.776593
0.011006
0.005798
0.041544
0.004626
0.017603
1.07709
1.097563
0.020354
0.016513
0.017153
0.005037
0.005499
0.00407
0.002866
0.003381
0.004024
0.002579
0.0052
0.002892
0.002041
0.002422
0.004983
0.014251
0.003775
0.003222
0.005765
0.00586
0.003334
0.004382
0.002568
0.002954
0.022315
0.016049
0.034948
1.590046
0.62516
0.010714
0.011261
3.845412
0.0727
0.023381
0.009241
0.005561
0.016299
0.185217
0.009466
0.012862
0.094254
0.05572
0.74099
0.523476
0.020505
0.024497
0.006229
0.004873
0.005011
0.003091
0.003381
0.004872
0.002893
0.004125
0.009222
0.00238
0.011887
0.014896
0.016557
0.004853
0.004069
0.002227
0.002684
0.001574
0.002456
0.001658
0.00492
0.035288
0.017518
0.012848
1.508069
1.59645
1.157225
0.015258
0.006986
0.012231
0.004389
0.004355
0.005818
0.004066
0.003077
0.003067
0.004233
0.002884
0.003701
0.003376
0.004372
0.018842
0.003716
0.007839
0.002856
0.002365
0.005677
0.006911
0.002363
0.003142
0.001946
0.002322
0.003283
0.00978
0.004393
0.009152
0.004622
0.002133
0.004048
0.00337
0.005016
0.004202
0.017009
0.006411
0.003031
0.003392
0.00513
0.027392
0.015744
0.004018
0.003376
0.004064
0.040722
0.178889
0.014805
0.006857
0.00489
0.004691
0.0027
0.00927
0.002858
0.015692
0.019145
0.010726
6.231374
0.008876
0.020158
0.020527
0.00992
0.0274
0.005259
0.056893
0.029722
0.320732
0.006548
0.020398
0.011248
37.149989
0.022907
0.014455
0.00757
0.025298
1.429623
0.013876
0.007278
0.015727
274.804566
0.01385
1.490378
0.015948
0.100923
0.016308
0.097413
0.014828
225.522786
0.012984
0.008139
0.003689
0.003607
0.005206
0.005545
0.028801
0.002864
0.002713
0.011734
0.003621
0.008336
0.004394
0.004487
0.021593
0.007095
264.739098
0.029074
0.005572
0.008853
0.007317
0.01189
0.006451
0.008263
0.00532
0.01354
0.010267
0.005389
0.0148
0.01315
0.042003
0.028814
0.013788
0.043016
0.758386
0.043879
0.015008
0.018518
0.013077
0.043343
1.388632
0.005886
0.005677
0.016367
0.035386
0.861896
0.043223
0.015791
0.018126
0.008898
0.04617
2.970636
0.012851
1.591329
1.594684
0.499379
0.005947
0.02438
3.707009
0.07816
1.087284
0.004046
0.006769
1.069888
0.019438
0.021018
0.017441
0.005576
0.003687
0.003409
0.00301
0.004984
0.004713
0.003934
0.004371
0.002527
0.005416
0.004212
0.004988
0.00341
0.003385
0.004554
0.00288
0.001919
0.002549
0.008531
0.01867
0.003427
0.006299
0.003379
0.006432
0.037315
0.025518
0.013169
0.037149
1.594221
0.569534
0.010074
0.01766
3.865192
0.096481
0.009267
0.007514
0.013874
0.177176
0.021947
0.009022
0.103764
0.789009
0.48283
0.021038
0.014249
0.005849
0.005829
0.004705
0.001864
0.003913
0.003408
0.004226
0.004695
0.004693
0.003094
0.007058
0.013508
0.009258
0.002896
0.002852
0.007651
0.004683
0.004892
0.003612
0.004877
0.002935
0.018277
0.004052
0.010586
0.006892
0.016957
0.024236
0.025007
1.462088
1.594301
1.169324
0.017793
0.026233
0.010632
0.004217
0.008338
0.014824
0.003548
0.006884
0.023689
0.004719
0.006964
0.004614
0.002421
0.00729
0.007093
0.008464
0.002597
0.00669
0.009527
0.014977
0.004646
0.005679
0.003673
0.024236
0.008688
0.008607
0.260138
0.026629
0.005527
0.004376
0.005015
0.008979
0.005254
0.016985
0.006506
6.275184
0.017107
0.0043
0.004716
0.024545
0.004986
0.011399
0.004957
0.00968
0.004318
0.002247
0.003922
0.00918
0.01258
0.015314
0.011135
0.282616
0.010156
232.197633
0.014388
1.49037
0.015678
219.817989
0.014124
0.004608
0.003669
0.006696
0.008886
0.108503
0.015964
0.028941
0.013262
0.009464
0.002271
0.002927
0.004067
0.00463
0.004401
0.011809
0.010935
0.016447
0.094764
0.014969
0.01532
0.034472
0.010002
220.49994
0.028453
0.008396
0.006045
0.008218
0.012274
0.01465
0.00628
0.011846
0.011668
0.007144
0.013493
0.015066
0.044884
0.032405
0.011873
0.044448
0.7523
0.042613
0.014152
0.017645
0.014861
0.044628
1.30755
0.005342
0.021036
0.009007
0.042892
0.861545
0.042945
0.015671
0.015555
0.007575
0.04943
1.593365
3.327341
0.011459
1.592712
0.491506
0.00819
0.015101
3.687684
0.011024
0.004519
0.014238
0.005449
0.020417
0.004986
0.015648
0.004241
0.010955
0.223494
1.130244
0.034736
0.01074
0.003856
0.042358
0.003694
0.018072
0.289832
0.404077
1.428502
0.006039
0.005387
0.046858
0.030014
1.979056
0.004326
0.049223
2.790167
0.027833
0.004489
0.005136
0.003548
0.019895
0.004633
0.004191
0.003738
0.02097
0.009319
0.007703
0.152509
0.008481
0.011564
0.013246
0.040879
0.043273
0.047447
0.008252
0.046916
1.237851
0.006996
0.006035
0.047661
0.031195
5.63253
0.020003
0.037737
0.004616
0.017357
6.370631
0.004848
0.004435
0.048832
0.032217
1.59126
1.595291
6.762525
1.62114
0.063927
0.006989
0.00821
0.009578
0.00565
0.003917
0.00368
0.004036
0.003929
0.005799
0.002516
0.003624
0.024826
0.004487
0.012068
0.005997
0.031047
0.404314
0.404437
1.59192
2.340304
1.595836
0.403711
1.455021
1.623775
0.023826
0.014584
0.004865
0.006925
0.004563
0.00423
0.804603
162.715107
1.503619
0.020511
0.093023
0.022388
0.091123
243.67435
0.084303
0.007186
0.085117
0.007823
0.086668
134.696521
279.582912
0.006325
0.047143
0.024845
1.418497
0.013116
0.00601
0.04669
118.780814
0.004739
0.048383
0.026551
1.41539
0.014028
0.004756
0.047044
128.638223
0.14024
1.348831
0.015001
0.097838
0.016801
3.599801
0.014145
0.037533
0.099532
0.015213
0.041012
160.540389
0.100456
0.015696
0.004541
0.130743
0.018396
0.110127
0.035366
0.074879
0.036241
0.016068
0.091655
0.098949
0.016848
0.812545
0.018754
1.287951
0.083911
0.975798
0.01557
1.594614
3.979097
0.012722
1.594438
0.484769
0.00601
0.047241
3.792375
0.078294
1.087805
0.700182
0.404071
1.082786
0.004215
0.004221
0.005828
0.008492
0.003949
0.034712
0.0379
1.592001
0.735505
2.811515
0.094556
0.010181
0.006405
0.015962
0.087537
0.859189
0.455381
0.010235
0.009871
0.011432
0.007831
0.00415
0.004491
0.012045
0.005544
0.005763
0.01389
0.01377
0.007606
0.044476
0.00433
0.345191
0.010992
0.00534
0.004857
0.011406
0.005237
0.030267
0.006297
0.029127
0.388033
0.012743
0.052229
222.73786
0.013492
1.489481
0.016316
216.406422
0.00502
0.009447
0.005273
0.032975
0.014904
0.102274
0.026771
0.015218
218.590634
0.029722
0.006933
0.00631
0.007012
0.013503
0.007989
0.006352
0.005648
0.010699
0.126013
0.121245
0.003917
0.004256
0.015268
0.007501
0.042165
0.007396
0.007087
0.046612
0.021011
0.041549
0.096018
0.014719
0.036642
0.011567
0.043911
0.722498
0.045135
0.014134
0.016208
0.015948
0.04174
1.223861
0.005041
0.008402
0.045189
0.031736
0.862815
0.04457
0.015367
0.014742
0.008908
0.046738
1.591888
1.597254
4.786133
0.011518
0.483982
0.006013
0.047153
3.747006
0.009408
0.003885
0.042873
0.004969
0.01652
0.295718
1.08615
0.806357
1.055055
0.007282
0.009158
0.007622
0.005395
0.003901
0.002463
0.002838
0.004525
0.005228
0.003632
0.004546
0.025258
0.003178
0.007086
0.005423
0.030477
1.594571
1.036751
0.00569
0.047178
0.503283
0.939174
0.008269
0.006274
0.006321
0.003716
0.002626
0.0033
0.006101
0.005825
0.030539
0.00448
0.004816
0.019394
1.59365
1.359644
0.006568
0.04665
7.663313
0.029121
0.004858
0.00486
0.00454
0.017548
0.004949
0.004492
0.003463
0.02161
0.009825
0.006524
0.015624
0.009204
0.185252
0.047454
0.030007
0.008282
0.046125
1.17608
0.011806
0.008512
0.011475
0.005174
0.007561
0.0059
0.004898
0.007469
0.004699
0.016809
0.005996
0.007628
0.03269
0.363534
0.009697
0.00603
0.003704
0.004553
0.003946
0.039115
0.004304
0.03821
0.388292
0.015887
0.004439
0.047254
46.07431
0.005027
0.046974
0.032591
1.411687
0.013367
0.005707
0.046684
201.558591
0.403615
0.404358
236.425864
0.012128
1.491699
0.11718
0.112875
0.016113
179.295865
0.00663
0.00851
0.004359
0.034571
0.014279
0.021628
26.799127
0.028768
0.007062
0.005676
0.00701
0.013819
0.006714
0.008594
0.006286
0.011334
0.130439
0.013051
0.007224
0.008228
0.01584
0.013393
0.047617
0.043343
0.034446
0.012518
0.042995
0.747076
0.043252
0.015881
0.017304
0.015726
0.042649
1.230273
0.005729
0.007315
0.048587
0.032189
0.859376
0.045164
0.014611
0.020123
0.008907
0.048277
1.591052
1.596442
0.482499
0.004416
0.048926
6.543209
0.011054
3.739579
0.01006
0.005822
0.041774
0.003715
0.019254
0.299862
1.081053
0.402354
0.404975
1.05724
0.00739
0.006952
0.007576
0.005412
0.004269
0.004308
0.004231
0.004248
0.007607
0.004268
0.005534
0.017632
0.004632
0.008597
0.004828
0.030928
1.595229
0.733273
0.005617
0.045764
2.805113
0.029088
0.003578
0.004825
0.005179
0.017561
0.00334
0.0041
0.005385
0.021498
0.008063
0.006061
0.021543
0.00791
0.048002
0.031905
0.007954
0.048458
0.808897
0.455477
0.009175
0.008236
0.012394
0.005139
0.004499
0.006503
0.003954
0.003632
0.020756
0.007804
0.008839
0.005087
0.027563
0.370761
0.010681
0.004855
0.004096
0.003149
0.006032
0.04066
0.006987
0.050595
0.370633
0.012473
0.00444
0.047629
145.558764
1.505442
0.020866
0.093968
0.022205
0.089703
61.274967
0.012009
203.220325
0.013219
0.038647
0.013623
0.020892
205.342923
0.029113
0.022314
0.012483
0.03262
0.010493
0.136761
0.009342
0.01985
1.493484
0.090506
0.863039
0.017897
1.290383
0.085278
0.979083
0.016883
0.057046
1.594382
3.513166
0.385333
0.011423
1.594496
0.489026
1.111097
0.007664
0.017271
0.096896
0.016022
0.096282
0.015186
0.096146
0.017269
0.095588
0.016766
0.094082
0.015014
0.099046
0.01902
0.013365
3.7783
0.090969
0.015343
0.084422
0.097312
0.01651
0.256479
1.121092
1.087342
0.004558
0.009196
0.005877
0.010079
0.080684
1.593186
0.724412
3.617109
0.093881
0.009142
0.006209
0.20543
0.016232
0.096966
0.666309
0.651839
0.003865
0.005853
0.076116
1.592558
1.596302
1.203531
0.016897
5.713287
0.013148
0.003116
0.004897
0.004632
0.092471
0.085978
0.362299
0.004889
0.003577
0.005899
0.089837
0.371622
69.362897
0.016032
0.045382
0.021852
0.007291
0.00823
0.035129
0.009937
0.003859
0.004502
0.038544
0.021636
0.013625
181.064565
0.00533
0.047633
0.026725
1.42909
299.948347
0.024277
0.012742
107.953253
0.082639
1.465538
0.016031
0.828592
0.00666
0.008135
0.004996
0.033354
0.014299
222.81222
0.029428
0.005668
0.008861
0.006685
0.013184
0.005748
0.008271
0.006034
0.01271
0.011835
0.156677
0.004431
0.017665
0.009783
0.017714
0.047798
0.043649
0.031592
0.014454
0.042333
0.312775
0.006982
0.006842
0.048225
0.029999
1.506825
0.017228
0.095937
0.015787
0.803205
0.017117
0.97937
0.017036
1.594936
1.592578
3.840985
0.011858
1.403363
0.006021
0.208005
3.804147
0.076783
1.591211
0.425808
0.012739
0.005532
0.003923
0.004571
0.003241
0.00424
0.082691
1.593789
1.593984
0.462892
0.006339
0.004186
0.012182
0.074951
0.378932
0.004185
0.090853
0.388669
1.822138
0.083373
8.060717
0.100122
0.093575
0.016854
0.011687
0.007604
0.086564
64.763621
1.593689
0.519309
0.007676
0.005476
0.004887
0.003655
0.005775
0.004206
0.003449
0.003994
0.004046
0.004249
0.018559
0.005824
0.015776
0.003436
66.864032
0.009727
0.004811
0.04464
0.004627
0.016929
0.009921
0.010361
0.005473
0.041461
0.003995
0.016702
32.365586
0.005671
0.00883
0.004963
0.032865
0.013946
0.020737
32.27889
0.024776
0.005501
0.006608
0.005499
0.020851
0.003356
0.004786
0.003415
0.021734
0.131973
0.005016
0.021816
0.010891
0.007303
0.00795
0.04779
0.048947
0.030481
0.008894
0.046019
0.747336
0.041873
0.013926
0.016733
0.009202
0.046178
1.234024
0.005118
0.006061
0.046433
0.029133
0.867306
0.060277
0.017924
0.055985
1.593291
1.59336
0.491618
0.006674
0.04557
3.751139
0.010384
0.005802
0.041964
0.0056
0.015676
0.286774
1.07485
0.402559
0.403016
1.071579
0.007636
0.00771
0.007255
0.005429
0.005442
0.004348
0.004753
0.004979
0.005794
0.004572
0.005368
0.017933
0.009001
0.009644
0.009338
0.028108
1.593323
0.720601
0.006252
0.045465
2.818248
0.027819
0.005143
0.004516
0.004815
0.017208
0.004991
0.005454
0.003786
0.018884
0.010778
0.006737
0.016705
0.008583
0.046614
0.028672
0.007596
0.049634
0.82436
0.439354
0.010546
0.008549
0.011434
0.007181
0.009077
0.004115
0.008235
0.005469
0.006316
0.011191
0.017531
0.011629
0.020354
0.36196
0.010401
0.006659
0.004433
0.002775
0.00484
0.040195
0.008577
0.044394
0.374375
0.012241
0.005071
0.046822
60.977162
0.006333
0.046692
0.036621
1.420594
299.977165
232.6684
0.004386
0.047344
0.029114
1.4133
0.012291
0.005068
0.048268
342.377799
0.404843
0.404088
2.052409
1.592095
1.599773
218.713224
1.500882
0.020625
0.091882
0.022582
0.090305
71.966383
5.340371
33.22277
0.012993
1.498494
0.020189
0.091358
0.015606
214.872845
0.005981
0.008193
0.006271
0.031535
0.01554
0.099946
0.019448
0.037167
165.29431
0.030053
0.019349
0.013507
0.006437
0.008901
0.00699
0.005005
0.113231
0.005671
0.016255
0.013595
0.005838
0.010722
0.012524
0.054997
0.044168
0.032217
0.013468
0.04424
0.744134
0.044486
0.015394
0.016443
0.014822
0.14771
1.227759
0.006679
0.007713
0.05218
0.030955
0.755277
0.044477
0.01551
0.014775
0.008896
0.047699
1.594483
1.593733
0.478945
0.005071
0.047183
3.737345
0.010826
0.003535
0.043481
0.00432
0.017877
1.090447
0.710846
6.783792
0.014464
0.407305
1.050661
0.006987
0.006984
0.007246
0.004891
0.005534
0.003886
0.004565
0.006742
0.005517
0.003907
0.004912
0.017674
0.00559
0.003856
0.003983
0.02626
1.589323
1.052265
0.006007
0.046085
0.493085
0.95045
0.00794
0.006962
0.004881
0.003933
0.00307
0.003951
0.005713
0.004406
0.030291
0.006253
0.011989
0.01207
1.592984
1.125718
0.006252
0.045745
7.413912
0.028811
0.004173
0.005804
0.003563
0.017669
0.003374
0.005598
0.004102
0.021059
0.008835
0.00577
0.017641
0.009542
0.047161
0.029624
0.007939
0.047773
0.418641
1.026693
0.007073
0.007679
0.004807
0.005846
0.005795
0.009485
0.004254
0.005213
0.020848
0.007577
0.005342
0.03116
0.037156
0.014451
0.006171
0.033814
0.012407
0.031081
0.394352
0.009999
0.012728
0.003675
0.004686
0.00524
0.038594
0.004788
59.243056
0.010536
0.004161
0.041585
0.00474
0.016988
0.015446
0.008544
0.031268
0.008952
0.010225
0.036708
0.004395
0.028412
0.006786
0.009821
0.045834
127.061676
0.005374
0.046283
0.033206
1.419659
0.020719
0.005071
0.048292
119.348005
0.408404
0.40455
297.59297
166.628987
0.004725
0.079898
1.409268
0.014422
0.005675
0.047668
127.411894
0.006313
0.046373
0.032984
1.408811
0.012248
0.004082
0.05187
255.536805
0.009147
118.641405
0.006013
0.007192
0.005273
0.004086
0.031432
0.012307
0.038027
366.74173
0.029744
0.00563
0.008544
0.00701
0.013498
0.006135
0.007258
0.005964
0.01564
0.11513
0.007285
0.008425
0.015158
0.018462
0.012531
0.046562
1.492644
0.047217
0.015987
0.030601
0.013783
0.042415
0.097675
0.112458
0.015989
0.74423
0.042685
0.015673
0.0122
0.020243
0.040052
1.032345
0.201421
0.00893
0.016748
0.003852
0.004352
0.006432
0.04339
0.004206
0.04693
0.862992
0.043584
0.014152
0.01292
0.00826
0.048318
1.594115
1.60018
0.432175
0.006314
0.045405
4.16913
1.128275
0.315468
0.008275
0.0082
0.008665
0.006352
0.004188
0.004492
0.004366
0.004725
0.004654
0.00519
0.404077
0.024783
0.004633
0.003838
0.056845
0.402408
1.583304
8.308737
0.011112
1.592896
0.137689
0.048862
4.453917
1.434274
0.008516
0.009902
0.009206
0.007554
0.006987
0.011464
0.003859
0.006353
0.005844
0.009407
0.006026
0.010528
0.010969
0.003838
0.019795
0.028245
0.403823
0.404381
1.594754
0.893673
0.005638
0.047456
1.940418
0.027836
0.004812
0.004537
0.005139
0.019409
0.003998
0.003533
0.004695
0.022083
0.015213
0.152996
0.006341
0.018119
0.007941
0.045585
0.046678
0.040506
0.007584
0.0485
0.442227
0.796878
0.007734
0.007254
0.007124
0.004186
0.010588
0.004067
0.006025
0.027383
0.005272
0.012931
0.012185
1.59443
1.591935
5.675371
0.011983
0.004218
0.040896
0.004354
0.017958
0.27227
1.619471
0.064866
0.010887
0.008285
0.012482
0.011707
0.004497
0.00512
0.005913
0.013271
0.003595
0.005839
0.00587
0.003362
0.004252
0.005434
0.00569
0.005596
0.040616
0.403262
0.342892
0.00846
0.007036
0.004531
0.006926
0.004545
0.043935
0.004149
0.403327
80.491273
0.006627
0.008498
0.006599
0.032206
0.013462
0.003168
0.003524
0.007939
0.018333
0.022659
80.47548
0.025813
0.005469
0.006112
0.004808
0.020557
0.004337
0.003182
0.004735
0.021778
0.008499
0.011615
0.010737
0.008263
0.047127
0.028272
0.011552
0.047433
0.755673
0.042191
0.015944
0.016212
0.008868
0.046378
1.378394
0.005192
0.005384
0.046475
0.027589
0.866197
0.044216
0.014355
0.019545
0.011457
0.044938
1.595215
1.5965
0.492178
0.005704
0.046177
3.729694
0.011
0.004214
0.040798
0.003708
0.018918
1.076223
0.682868
0.403785
1.066174
0.00675
0.008537
0.007867
0.007012
0.005087
0.004359
0.004815
0.002841
0.002296
0.003537
0.004447
0.005728
0.020338
0.009257
0.004152
0.017257
0.02953
1.592351
0.717847
0.00467
0.046618
2.81638
0.027845
0.00546
0.005768
0.005812
0.01437
0.00339
0.003598
0.006262
0.019577
0.00976
0.007839
0.155079
0.005019
0.024229
0.009874
0.048661
0.045259
0.034667
0.009867
0.046093
0.616912
0.619477
0.009863
0.008892
0.00634
0.004402
0.008996
0.003934
0.007246
0.005195
0.021365
0.015839
0.004143
0.024585
1.593607
1.593769
5.632463
0.010693
0.004186
0.043915
0.007402
0.014147
0.330617
1.620349
0.404084
0.404768
1.588773
2.051214
1.594688
1.593479
0.186342
0.003585
0.04258
0.005264
1.616933
0.019074
0.197898
0.198653
1.176633
2.996324
0.0055
0.039765
0.00749
0.033875
0.013087
0.005359
0.006079
0.004068
0.011915
0.00488
0.003905
0.006908
0.004616
0.012391
0.00491
1.474982
0.120929
0.087117
0.006963
0.058656
0.005768
0.00306
0.00381
0.331048
0.004495
0.003702
0.036521
0.023783
7.403937
230.058932
1.512258
0.005289
0.005529
0.093675
89.114045
12.870007
0.01371
1.507127
0.098881
0.015069
0.101572
0.015644
6.16212
0.012686
264.700682
2.500726
0.010567
0.005563
0.005843
0.474203
0.010456
0.010206
0.005695
0.005204
0.466907
0.009264
0.010677
0.005661
0.003748
0.471044
0.010055
0.009399
0.005373
0.004565
0.465805
0.008802
0.009454
0.006572
0.005561
0.446718
0.004612
0.02004
0.01067
0.010892
0.011903
0.008756
0.009604
0.012062
0.009998
0.007825
0.007864
0.004975
0.004992
0.003688
0.386332
0.014416
0.009213
0.004988
0.007547
0.461312
0.011723
0.012665
0.01044
0.011548
0.00477
0.443838
0.008863
0.004843
0.484184
0.009789
0.009757
0.479872
0.010655
0.010514
0.004994
0.003661
0.005863
0.005788
0.45421
0.020952
9.531111
0.003446
0.004526
0.003277
0.047529
0.003362
0.003199
0.035501
0.005026
0.003193
0.003717
0.049163
0.005427
0.003258
0.004677
0.043997
0.00355
0.005421
0.004218
9.017617
0.00439
0.003953
0.003239
0.035296
0.003213
0.004419
0.002992
0.04609
0.003679
0.004519
0.002992
0.03911
0.004027
0.00388
0.00324
0.033041
0.005132
0.004446
0.003312
0.540302
0.004328
0.00513
0.00362
0.041855
0.003592
0.00521
0.003621
0.027898
0.006821
0.008143
0.030262
0.005162
0.004261
0.003529
0.027783
0.004753
0.00385
0.005331
0.039656
0.004585
0.003621
0.00521
8.252322
0.005046
0.003695
0.004016
0.04394
0.003539
0.005263
0.004464
0.028207
0.005075
0.003054
0.003246
0.023527
0.004594
0.003599
0.004653
0.031977
0.003668
0.003374
0.002926
0.047191
0.005458
0.004113
0.004783
0.499588
0.005214
0.00359
0.003639
0.043695
0.003171
0.004478
0.0035
0.027266
0.003262
0.003228
0.004158
0.032471
0.003581
0.004279
0.0035
0.043161
0.004113
0.00373
0.002999
0.026297
0.005193
0.008747
0.007277
0.49932
0.005154
0.00358
0.004335
0.043349
0.004511
0.004744
0.004074
0.025774
0.004745
0.003784
0.004161
0.030601
0.003291
0.00518
0.003579
0.039928
0.003554
0.004482
0.002997
0.034682
0.005154
0.00358
0.00416
8.252583
0.003277
0.002965
0.003285
0.051818
0.003126
0.004246
0.006713
0.038483
0.004337
0.005274
0.005254
0.023594
0.005178
0.00404
0.004515
0.029621
0.003647
0.005474
0.004978
0.028187
0.003117
0.004583
0.004182
0.497597
0.004991
0.004226
0.005447
0.0461
0.005288
0.003609
0.003287
0.03588
0.00477
0.009315
0.003423
0.045994
0.003909
0.003926
0.004688
0.027457
0.004339
0.004778
0.003617
0.527931
0.004662
0.004394
0.003998
0.032013
0.005414
0.004219
0.004598
0.048321
0.00425
0.011989
0.041309
0.004135
0.005558
0.005645
0.03906
0.005357
0.003579
0.004161
8.265774
0.003112
0.004578
0.005138
0.023629
0.003617
0.004609
0.003002
0.030997
0.003406
0.004258
0.003859
0.038083
0.004871
0.005057
0.005058
0.024516
0.003512
0.004579
0.003992
0.02744
0.005216
0.004204
0.005138
0.024658
0.003809
0.005237
0.004987
313.559611
0.009905
0.003883
0.044179
0.005345
0.016523
0.010077
0.009934
0.005164
0.040695
0.004714
0.017559
0.009204
0.008233
0.048807
0.032428
0.009215
0.046752
0.489839
0.004962
0.004348
0.005722
0.027691
0.003582
0.003672
0.008545
0.032982
0.00541
0.005726
0.004577
0.042674
0.005379
0.005757
0.003487
0.038649
0.005502
0.003808
0.00508
0.533699
0.005473
0.003721
0.004799
0.042528
0.005947
0.004157
0.004159
0.036525
0.004453
0.00538
0.004535
0.044445
0.005089
0.004101
0.004275
0.027153
0.004772
0.005061
0.00506
8.278303
0.004067
0.004496
0.003857
0.026418
0.004364
0.003856
0.004496
0.026489
0.005988
0.005295
0.003454
0.036942
0.00372
0.00439
0.005135
0.042389
0.003787
0.004364
0.006444
0.036299
0.005076
0.005535
0.004755
0.497661
0.004085
0.004044
0.004365
0.049123
0.004548
0.004134
0.005355
0.040551
0.004888
0.003615
0.005524
0.039841
0.005718
0.003793
0.004685
0.054879
0.005077
0.005945
0.004785
0.494227
0.004512
0.0041
0.005439
0.034361
0.004393
0.00506
0.00439
0.055438
0.004974
0.00375
0.004159
0.056391
0.005427
0.00561
0.004361
8.300569
0.005111
0.005057
0.004097
0.038667
0.004792
0.004635
0.004924
0.045398
0.005247
0.003459
0.004394
0.025049
0.004497
0.004208
0.005458
0.035114
0.005806
0.011071
0.528546
0.00347
0.003958
0.003406
0.041875
0.003169
0.003195
0.005147
0.025865
0.009779
0.004089
0.003088
0.038702
0.00315
0.004186
0.004367
0.046988
0.0056
0.004378
0.003816
0.029734
0.0037
0.003956
0.003727
0.490262
0.003668
0.003724
0.004159
0.031708
0.003753
0.003693
0.005439
0.047693
0.004626
0.005381
0.003897
0.039605
0.008028
0.005439
0.034963
0.004073
0.003838
0.003521
8.284377
0.003509
0.00375
0.00596
0.042119
0.003404
0.004256
0.004497
0.029479
0.003829
0.004391
0.00495
0.029657
0.003109
0.005546
0.00391
0.030643
0.003074
0.003647
0.004937
0.044242
0.005054
0.003455
0.500338
0.0118
0.003585
0.035776
0.004127
0.003404
0.003955
0.050486
0.005277
0.005016
0.005304
0.051122
0.004858
0.003614
0.045394
0.004746
0.004254
0.004045
0.504748
0.003437
0.004653
0.004021
0.008168
0.004515
0.004274
0.003136
0.018906
0.003582
0.003628
0.005518
0.020562
0.003922
0.003599
0.004911
0.01875
0.003609
0.003601
0.00523
0.019071
0.004542
0.003315
0.005051
0.021674
0.006102
0.005216
0.005136
0.007421
0.00457
0.004886
0.005061
0.024442
0.00503
0.005456
0.004919
0.007883
0.005212
0.004742
0.003285
8.219816
0.004701
0.005079
0.0047
0.054591
0.012119
0.039829
0.005315
0.006779
0.00403
0.030582
0.004512
0.005383
0.004221
0.046499
0.004454
0.005063
0.004712
0.506296
0.005357
0.003899
0.00909
0.00726
0.005423
0.003012
0.00426
0.018911
0.004187
0.004184
0.003163
0.006881
0.003699
0.003575
0.003742
0.031268
0.004265
0.003726
0.003544
0.007113
0.004309
0.003377
0.004413
0.02778
0.004036
0.005174
0.003332
0.006335
0.003594
0.004854
0.003209
0.031038
0.004233
0.003696
0.003329
0.007197
0.004751
0.003529
0.003133
0.481869
0.00402
0.007374
0.004063
0.053617
0.005445
0.009532
0.047094
0.00358
0.004593
0.004598
0.037366
0.003117
0.004413
0.003315
0.044168
0.004218
0.003778
0.004593
8.251882
0.00377
0.004916
0.005526
0.008943
0.003464
0.005471
0.005136
0.006331
0.004943
0.003826
0.003049
0.007398
0.003326
0.005306
0.008001
0.009625
0.003343
0.003065
0.004346
0.034506
0.005247
0.004852
0.005136
0.007106
0.003478
0.004512
0.011198
0.003495
0.004191
0.003369
0.006896
0.003983
0.00337
0.004594
0.012246
0.003865
0.003572
0.003494
0.007324
0.0035
0.0047
0.003846
0.498906
0.004191
0.004945
0.003576
0.040618
0.00387
0.005555
0.004216
0.024858
0.003287
0.002938
0.004858
0.038395
0.004714
0.010745
0.044678
0.005034
0.003897
0.003198
0.031088
0.005528
0.004856
0.005176
0.493077
0.004722
0.003958
0.005378
0.031729
0.003572
0.009328
0.039324
0.003607
0.00392
0.005232
0.030857
0.004852
0.009338
0.04223
0.004889
0.004104
0.004419
8.287531
0.005296
0.003913
0.004714
0.045822
0.002951
0.003514
0.005034
0.03988
0.00455
0.004179
0.004498
0.029606
0.004269
0.004499
0.003218
0.036242
0.004496
0.005243
0.00689
0.531009
0.00519
0.005277
0.00537
0.042283
0.009389
0.00465
0.006554
0.039547
0.003919
0.008786
0.051122
0.01004
0.004877
0.003102
0.040659
0.00556
0.003354
0.003347
0.498015
0.003651
0.003691
0.004483
0.042182
0.003177
0.003388
0.003873
0.030381
0.005281
0.003171
0.003707
0.041256
0.004143
0.004651
0.005274
0.033619
0.004457
0.011812
0.027383
0.006185
0.003139
0.004862
8.246862
0.005027
0.005376
0.00324
0.030894
0.00338
0.003646
0.0034
0.037354
0.004573
0.016407
0.003045
0.045973
0.004652
0.00335
0.005216
0.028687
0.00538
0.003879
0.005351
0.529204
0.003891
0.004556
0.003278
0.031377
0.00517
0.004312
0.003917
0.038799
0.00517
0.00417
0.004877
0.02409
0.005214
0.005449
0.004952
0.024545
0.006966
0.003586
0.004447
0.036529
0.004278
0.004237
0.004237
0.511352
0.004708
0.003848
0.004824
0.051215
0.004187
0.004854
0.003972
0.048243
0.003303
0.003829
0.005493
0.039896
0.005544
0.00461
0.004809
0.025188
0.005267
0.004611
0.004808
8.269614
0.005165
0.00538
0.009684
0.045645
0.005266
0.003692
0.004885
0.043271
0.003959
0.00424
0.004909
0.038523
0.003253
0.004306
0.030527
0.005173
0.004493
0.005021
0.521545
0.007862
0.005235
0.005133
0.034691
0.005537
0.003244
0.004946
0.052069
0.004674
0.004382
0.004879
0.046319
0.005196
0.004814
0.039023
0.003623
0.003665
0.004767
0.507727
0.005196
0.007299
0.006463
0.037454
0.004233
0.003375
0.005342
0.031721
0.004506
0.003056
0.005219
0.038787
0.003723
0.003198
0.003898
0.025338
0.005034
0.003257
0.034522
0.005468
0.009461
81.690555
0.005451
0.043286
0.005524
0.02834
0.009065
0.00877
1.639659
0.044034
0.039481
0.018107
0.499714
0.00581
0.046956
0.017138
0.006594
0.007348
0.354041
0.004898
0.00941
0.008966
0.006889
0.004305
0.004784
0.005526
0.037036
0.005199
0.018176
0.394267
0.009893
0.005471
0.047744
0.014514
0.005976
0.4405
0.007525
0.007724
0.006152
0.047116
8.258522
0.002981
0.003001
0.003641
0.051083
0.003543
0.003767
0.003602
0.051136
0.003933
0.004883
0.004814
0.051344
0.004451
0.004047
0.004564
0.043985
0.003419
0.004437
0.003776
0.489627
0.002931
0.003874
0.003597
0.04296
0.008781
0.004062
0.003629
0.040003
0.007471
0.0542
0.004575
0.002987
0.003203
0.054543
0.004919
0.004682
0.008989
1.340281
0.003789
0.005416
0.003145
0.039579
0.003405
0.003081
0.004936
0.035183
0.00475
0.002985
0.003347
0.040959
0.00459
0.004585
0.004935
0.028382
0.004719
0.003335
0.003401
0.035048
0.004494
0.002985
0.003976
7.917472
10.002573
5.21536
5.464403
0.004557
0.00345
0.003776
0.004116
0.200674
0.003445
0.004417
0.0041
0.032859
0.004725
0.003497
0.005375
0.005133
0.004765
0.005096
0.003767
0.044079
0.012022
0.005089
0.003774
0.003814
0.021879
0.014002
0.003125
0.004759
0.022418
0.007631
0.009938
0.008023
0.004498
0.005375
0.005459
0.00605
0.005408
0.017683
0.003775
0.004134
0.005404
0.00573
0.004728
0.003177
0.003159
0.004491
0.004105
0.005397
0.005375
0.012713
0.003448
0.004743
0.005408
0.127365
0.011304
0.015698
0.023058
0.009298
0.014446
0.017016
1.056537
0.005304
0.003401
0.00468
0.02052
0.003707
0.004022
0.004986
0.006052
0.007006
0.004458
0.003143
0.01043
0.003063
0.004063
0.004061
0.020728
0.004087
0.00508
0.00313
0.004799
0.004663
0.003385
0.005007
0.021936
0.003169
0.003481
0.004099
0.00541
0.003086
0.003423
0.0034
0.029384
0.005048
0.005076
0.004756
0.00607
0.004066
0.00438
0.004045
0.020988
0.015144
0.014098
0.012818
0.005458
0.012818
0.013778
2.090809
0.007995
0.004747
0.004083
0.035836
0.004449
0.004096
0.005079
0.005734
0.004137
0.003475
0.003785
0.023141
0.003464
0.003163
0.014588
0.00869
0.012537
0.003127
0.003849
0.009238
0.004445
0.003451
0.003144
0.006082
0.003799
0.003124
0.018954
0.003478
0.003778
0.021802
0.005364
0.003448
0.004462
0.003784
0.005044
0.004111
0.852943
4.225784
42.775375
0.402765
3.978462
4.450099
0.38297
0.046053
0.020236
0.562317
0.40452
0.16714
0.237604
2.051465
1.592736
0.681537
0.047823
0.020852
4.161417
0.042973
0.021724
5.676824
0.045243
0.021255
4.275073
0.694921
4.979268
0.048434
0.019138
4.864485
0.046825
0.019934
2.598636
0.005466
0.026013
0.014731
0.011019
4.768794
0.807756
4.393804
0.847945
0.748344
0.354127
0.147414
0.25513
0.402404
0.148018
0.28535
1.621617
299.98476
1.593409
1.505295
0.017077
0.037623
0.059076
0.015429
0.037013
0.079993
0.002995
0.005657
0.007595
0.095707
0.016763
0.020662
0.080102
0.031881
0.095174
0.042365
0.070648
0.019647
0.009299
0.09381
0.118026
0.024089
0.112333
1.386671
0.00546
0.003281
0.004527
0.100035
0.016088
0.014186
0.08289
0.016409
0.039054
0.086911
0.011868
0.08248
0.128779
0.005267
0.005182
0.003472
0.091021
0.01574
0.116538
1.51566
0.015452
5.76994
0.005287
0.00353
0.043628
0.007144
0.023324
0.097172
0.024117
0.017717
0.00994
0.005484
0.016554
0.040812
0.004365
0.024391
0.011786
0.006551
0.086558
0.008372
0.015035
0.016475
0.047967
0.022561
0.080537
0.017325
0.013291
0.095478
0.009628
0.004532
0.08329
0.046629
0.006899
0.0171
0.03418
0.008452
0.041767
0.007932
0.049352
0.063581
0.01511
0.038528
0.009259
0.005159
0.042043
0.005645
0.022075
0.005884
0.007615
0.047757
0.024391
0.008628
0.00385
0.050169
0.003393
0.021621
0.03885
0.008558
0.031669
0.017328
0.030445
0.025011
0.006492
0.008953
0.005175
0.043165
0.005386
0.022356
0.008125
0.009496
0.046585
0.034934
0.006044
0.005815
0.041898
0.003266
0.018213
0.01053
0.009592
0.004807
0.041577
0.00343
0.019802
0.011212
0.00921
0.0463
0.029941
0.012028
0.004503
0.041225
0.004599
0.017119
0.011086
0.009182
0.047278
0.033517
0.012574
0.004844
0.04011
0.003319
0.019044
0.012868
0.008077
0.005162
0.040148
0.005525
0.015131
0.011659
0.007912
0.04646
0.029932
0.011706
0.045991
0.003957
0.018521
0.012352
0.00857
0.047507
0.036934
0.012518
0.004839
0.040128
0.005237
0.022434
0.041938
0.009848
0.046292
0.030569
0.00817
0.003559
0.042556
0.005633
0.024483
0.030486
0.009216
0.047464
4.738961
1.493917
0.023277
8.448017
0.048426
0.018415
4.506886
0.015224
3.956088
5.616539
0.046337
0.018785
1.504346
0.020829
0.099306
4.971609
0.005619
0.019448
0.01155
0.010265
0.010429
0.010671
0.010781
0.009772
0.004319
0.003895
0.417193
0.014034
0.483167
0.009416
0.015594
12.535036
0.006409
0.041543
0.002558
21.092276
0.047189
0.020521
3.584603
0.048092
0.021382
6.251011
0.043433
0.020302
3.612945
0.047471
0.019737
14.715694
4.455176
14.830523
0.047415
0.019617
80.05867
0.489247
5.187194
0.007607
0.003578
0.042861
0.006033
0.025826
0.007661
0.005612
0.005488
0.041406
0.003921
0.021166
4.630027
6.720646
0.004353
0.005001
0.005057
0.004385
0.003713
0.005305
0.01079
0.005332
0.004388
0.003721
0.009309
0.005096
0.003796
0.004138
0.006073
0.004218
0.004211
0.004554
0.009078
0.003107
0.0031
0.004059
0.004128
0.008538
0.003395
0.003077
0.004799
0.004443
0.004764
0.003496
0.006429
0.004902
0.004886
0.005214
0.00556
0.004339
0.005002
0.008196
0.025692
0.010799
0.004473
0.009938
0.007321
0.004937
0.004258
0.015251
0.003127
0.005079
0.004413
0.005855
0.014178
0.003887
0.003171
0.012241
0.005855
0.003443
0.004131
0.003165
0.007903
0.016198
0.00442
0.00891
0.003128
0.031979
0.013541
0.011538
0.015698
0.005778
0.012498
0.007378
18.692084
0.00681
0.00348
0.003144
0.004759
0.033907
0.003488
0.003777
0.005364
0.005118
0.003157
0.004127
0.003156
0.023609
0.005409
0.005074
0.005391
0.004773
0.005044
0.005394
0.003136
0.024544
0.003448
0.003785
0.005363
0.005093
0.005397
0.004095
0.004436
0.010178
0.004119
0.003477
0.004096
0.018171
0.007902
0.005083
0.005783
0.004137
0.0067
0.003783
2.427129
0.005408
0.005367
0.005375
0.046213
0.026997
0.021778
0.012498
0.008338
0.005138
4.074021
0.005512
0.003768
0.004403
0.004732
0.03346
0.003446
0.005064
0.003449
0.005741
0.004776
0.014409
0.005418
0.004487
0.005064
0.004111
0.004444
0.005595
0.003165
0.003479
0.004416
0.017479
0.003497
0.005384
0.004407
0.012963
0.003488
0.004417
0.005379
0.012284
0.003124
0.005399
0.004762
0.005774
0.003496
0.003784
0.005279
0.009252
0.004726
0.003816
0.005044
4.205069
91.936948
0.015138
2.061747
0.020807
0.025456
0.022978
0.01904
0.011608
0.205829
0.404304
0.219302
0.184455
1.423699
1.150043
0.048479
0.018977
2.830109
0.006638
0.04875
0.019857
7.022485
0.045422
0.019932
9.956909
0.045752
0.022254
7.55434
8.971146
0.005883
0.00387
0.042982
0.00484
0.019452
0.011921
0.016049
0.026979
0.014886
0.003425
0.018976
0.012391
0.011302
0.003842
0.042298
0.006277
0.027082
0.022209
0.007908
134.681293
0.005832
0.028485
0.019375
0.045923
0.025834
0.026546
0.006786
0.01608
0.039999
0.005001
0.017972
0.010709
0.010867
0.004842
0.021823
0.018739
0.004051
0.018104
0.011541
0.008544
0.078587
0.007585
0.047587
0.032122
0.007581
0.047282
0.031833
0.006091
0.005491
0.0429
0.003918
0.018067
0.011684
0.003016
0.010492
0.005117
0.039653
0.003956
0.017132
0.012142
0.006127
0.005809
0.040869
0.004864
0.015852
0.011984
0.007593
0.047023
0.031868
0.012538
0.004522
0.040694
0.003664
0.017405
0.011642
0.009531
0.045417
8.440983
0.007268
0.004812
0.004707
0.038055
0.004553
0.021487
9.710965
0.006617
0.225137
0.04711
0.046472
0.021609
270.433548
0.005172
0.005168
0.004557
0.011713
0.003575
0.005195
0.003887
85.057398
0.004813
0.003097
0.003748
0.005353
0.002873
0.017188
0.009888
0.008117
0.00394
0.005316
0.008076
0.005031
0.00197
0.007539
0.008184
0.00478
0.010109
0.003119
0.007424
0.006137
0.005465
0.00282
0.00975
0.006449
0.002019
0.005462
0.003536
0.003539
0.002796
0.006328
0.003597
0.004216
0.004148
0.009998
0.004778
0.004566
0.008269
0.008223
0.004448
0.002653
0.003062
0.007807
0.002667
0.011082
0.004936
0.002601
0.006636
0.003146
0.019992
0.010346
0.006526
0.005469
0.004017
0.004146
0.009773
0.041249
0.016901
0.010736
0.004805
0.003425
0.011383
0.024015
0.003507
0.017611
0.01023
0.004019
0.003096
0.003101
0.007666
0.015573
0.008726
0.00513
0.003131
0.00502
0.005609
0.003936
0.006609
0.045231
0.009539
0.00778
0.007015
0.040908
0.017881
0.053299
0.011318
0.017806
0.033953
0.008603
0.020434
0.033426
0.011781
0.008116
0.005349
0.004668
0.00754
0.015337
0.016711
0.008602
0.033117
0.007298
0.014304
0.003866
0.004069
0.004378
0.003712
0.002596
0.024317
0.00469
0.007478
0.002743
0.00449
0.003105
0.00502
0.003733
0.009602
0.0186
0.018856
0.599565
0.004935
0.020949
0.005487
0.005131
0.003081
0.0047
0.004021
0.012939
0.00743
0.00556
0.010447
0.0041
0.004116
0.004756
0.004813
0.010841
0.024235
0.023098
0.019288
0.005848
0.683037
0.021736
0.024419
0.023849
0.014491
0.01001
0.007307
0.0201
0.00813
0.018538
0.029636
0.013081
0.030389
0.023619
0.009137
0.016142
0.004391
0.004249
0.023482
0.003784
0.003555
0.004328
0.007041
0.005324
0.004381
0.002993
0.002858
0.003666
0.002773
0.004879
0.003637
0.004551
0.003508
0.004841
0.002529
0.00588
0.005304
0.003377
0.003857
0.004704
0.014076
0.007941
0.007289
0.008225
0.002814
0.005427
0.012743
0.019424
0.013082
0.030582
0.005938
0.009795
0.005457
0.003703
0.002656
0.006351
0.020137
0.007921
0.005683
0.003516
0.0049
0.016034
0.002807
0.004523
0.010941
0.007613
0.002076
0.006826
0.00975
0.011456
0.005776
0.003417
0.003088
0.004063
0.006351
0.024324
0.004628
0.00884
0.003705
0.003738
0.002624
0.005601
0.011027
0.004333
0.007916
0.00236
0.003286
0.007986
0.004708
0.005167
0.004897
0.004368
0.003567
0.003326
0.013884
0.017226
0.004453
0.002525
0.002846
0.005476
0.004468
0.011637
0.004674
0.011835
0.003891
0.003415
0.007439
0.003529
0.03009
0.004665
0.004024
0.003963
0.004299
0.011496
0.021604
0.019802
0.026475
0.018181
0.00939
0.014058
0.033269
0.020121
0.027336
0.014263
0.010938
0.003897
0.009727
0.003705
0.012897
0.017677
0.004923
0.004681
0.002703
0.006723
0.003843
0.003724
0.002681
0.002623
0.003348
0.008341
0.00373
0.003321
0.008339
0.005833
0.004231
0.005492
0.008315
0.020412
0.020059
0.005463
0.011127
0.0112
0.024899
0.008443
0.013096
0.034205
0.023964
0.737935
0.01871
0.011436
0.003528
0.003391
0.007834
0.00966
0.007336
0.015542
0.004315
0.002773
0.00498
0.004691
0.020302
0.009775
0.004618
0.003706
0.003821
0.004426
0.008858
0.006666
0.016139
0.004249
0.007194
0.007029
0.005775
0.005013
0.004693
0.0037
0.016715
0.010503
0.006657
0.001664
0.005913
0.00744
0.005008
0.003092
0.0031
0.002308
0.003903
0.00439
0.005534
0.007204
0.003695
0.003063
0.018193
0.004356
0.003394
0.002778
0.004509
0.003753
0.004812
0.004912
0.00338
0.007197
0.00251
0.005683
0.00338
0.003077
0.014314
0.007543
0.007322
0.007391
0.008613
0.005975
0.025896
10.604755
0.02035
0.029798
0.004829
0.003105
0.008092
0.004393
0.003405
0.003185
0.00566
0.004831
0.004998
0.004024
0.002833
0.002469
0.005116
0.002905
0.004842
0.014023
0.004364
0.004993
0.001841
0.004973
0.004712
0.006506
0.005881
0.007187
0.004197
0.003546
0.009074
0.004202
0.005021
0.004053
0.003153
0.00316
0.003411
0.005318
0.002636
0.004354
0.005635
0.00238
0.004651
0.004049
0.003225
0.003543
0.00651
0.009345
0.005268
0.008879
0.005486
0.003848
0.004872
0.003354
0.012294
0.011065
0.003887
0.003914
0.002352
0.00489
0.006009
0.003608
0.021182
0.004176
0.003796
0.002696
0.005526
0.008089
1.205557
0.017791
0.011377
0.005493
0.004686
0.00498
0.004054
0.00506
0.005025
0.005012
0.0031
0.010487
0.005176
0.003565
0.003816
0.0052
0.004313
0.004366
0.004672
0.005709
0.011822
0.003518
0.00462
0.004219
0.002521
0.002429
0.003703
0.00192
0.003087
0.00342
0.003938
0.00322
0.002162
0.00294
0.004914
0.00442
0.004225
0.009196
0.00625
0.004275
0.006384
0.003208
0.005455
0.00296
0.004501
0.009837
0.002581
0.00313
0.002494
0.002277
0.015131
0.004573
0.010744
0.006778
0.004372
0.017738
0.020136
0.00344
0.007642
0.042256
0.036241
0.011328
0.020135
0.025188
0.006041
0.030869
0.022911
0.027707
0.003556
0.00436
0.003077
0.003474
0.00443
0.005153
0.004372
0.003381
0.009276
0.012397
0.003885
0.002896
0.005976
0.004489
0.003907
0.003241
0.004504
0.004878
0.003391
0.002026
0.003006
0.005112
0.004128
0.003034
0.004425
0.007569
0.004038
0.003411
0.004738
0.00389
0.00292
0.004205
0.005788
0.010517
0.005953
0.003769
0.00523
0.003417
0.009054
0.015865
0.004702
0.003665
0.006358
0.003679
0.005312
0.003298
0.006602
0.00671
0.004464
0.005066
0.003368
0.003906
0.022769
0.015976
0.027539
0.007644
0.033831
0.0105
0.009074
0.014377
0.032789
0.00604
16.313649
0.005124
0.041908
0.00492
129.592522
2.415371
0.085012
0.01567
0.00859
0.01179
0.004131
0.459478
0.013055
0.486521
0.009709
0.014301
54.262184
0.009642
0.037253
0.004897
0.028283
0.010151
0.786689
0.044314
0.020382
9.925037
0.046338
0.020701
9.953216
0.047068
0.016675
0.330165
0.404065
0.403771
0.199093
0.045619
0.021522
0.338706
0.040664
0.005896
1.022489
0.004521
0.043178
0.006168
5.152441
0.106914
0.003887
0.042731
0.005547
1.387542
0.35139
0.403468
0.40406
0.433468
0.175848
0.043134
0.020917
1.405033
0.045556
0.019359
2.856333
1.82774
192.65337
1.595846
1.502027
0.112098
0.018325
0.010745
0.986178
0.005879
0.005784
0.085124
0.040409
0.004525
0.020717
0.111454
0.015592
0.097376
0.017646
0.00639
0.098479
0.015578
0.09561
0.016349
0.09856
0.016303
0.098325
0.64222
0.006644
0.0045
0.025729
0.00439
0.042204
0.004118
0.026072
0.092331
0.015076
0.016476
0.080934
0.016189
0.014916
0.081606
0.017225
0.013949
0.083439
0.015102
0.015878
0.080883
0.015992
0.166152
1.821514
0.039169
0.013836
0.021528
0.009999
0.033705
1.412494
0.016544
8.264733
0.047805
0.016224
1.54384
0.049021
0.018774
4.7623
0.402708
0.403079
2.054023
0.791074
0.00583
0.040911
0.004272
0.029401
0.011331
0.328317
0.047953
0.018417
0.317838
0.372366
0.024146
0.136049
0.242691
0.403339
3.5142
0.049414
0.017139
0.3785
0.047958
0.019422
5.185019
0.045518
0.020315
4.681868
0.045206
0.021221
9.946951
0.030513
0.016904
0.024919
0.032168
0.047686
0.020663
0.663972
2.033112
0.005465
0.008076
0.031298
0.005852
1.560352
0.389862
0.417548
0.402979
0.294642
0.046921
0.021082
6.300796
0.019288
0.009314
0.028816
0.00626
0.027246
0.025233
0.007603
0.035584
0.009275
0.003521
0.003822
0.040556
0.00533
0.023521
0.006478
0.008858
0.037613
0.007338
0.004801
0.004176
0.037071
0.003604
0.024393
0.006683
0.015851
0.005166
0.037559
0.004265
0.024985
0.007528
0.006442
0.005785
0.04008
0.005527
0.020912
0.008044
0.009516
0.047506
0.029988
0.011901
0.00482
0.040079
0.004964
0.022336
0.006077
0.007611
0.049565
2.878845
0.019754
1.625076
0.005927
0.040136
0.006207
0.027042
0.011138
7.1994
0.005277
0.005774
0.041783
0.003905
0.021491
5.714308
0.407702
0.403657
2.049698
2.80807
0.044268
0.02151
7.814094
0.04363
0.019814
2.049154
0.046739
0.01973
7.794218
0.04676
0.020244
6.862879
0.403216
0.406617
2.045473
4.381206
0.043476
0.016595
7.403651
0.010205
0.004506
0.041499
0.003787
0.024849
0.007113
0.007595
0.036057
0.009899
0.003547
0.004781
0.037188
0.005375
0.022955
0.006295
0.007585
0.047733
5.433789
0.043699
0.016841
6.620252
0.003573
0.037789
0.003953
0.886388
0.004498
0.040124
0.005255
24.679339
0.003848
0.040841
0.005206
45.106544
0.029008
0.005131
0.004503
0.004482
0.018477
0.003674
0.003551
0.009183
0.023742
0.008062
0.008191
0.012968
0.008556
0.048809
0.029611
0.009531
0.045241
0.151795
0.018435
0.003544
0.041302
0.005268
0.017965
0.517885
0.004507
0.033863
0.00756
0.017744
0.014178
0.006696
0.009846
0.046495
0.03274
0.009501
0.05352
47.078071
0.005772
0.041917
0.004249
0.030365
0.011697
0.062369
0.042879
0.020324
9.937203
0.044222
0.021006
1.854191
0.402777
0.404362
7.271417
0.051644
0.017753
20.407019
0.005761
0.038537
0.005872
0.411789
0.009345
0.004207
0.00374
0.002024
0.004474
0.008895
0.002679
0.003431
0.015012
0.004554
0.004298
0.004697
0.003751
0.003591
0.004435
0.004114
0.010185
0.011895
0.003062
0.004134
0.0024
0.011562
0.007464
0.017837
0.013812
0.111151
0.037454
0.01225
0.020933
0.006991
0.007486
0.138024
0.011832
0.019239
0.008722
0.013842
0.021846
0.011424
0.005772
0.010902
0.00314
0.004118
0.003809
0.006935
0.019672
0.006249
0.022317
0.009972
0.319372
0.010717
0.023364
0.010744
0.013565
0.008459
0.433555
0.015306
0.007327
0.020673
0.009654
46.479881
0.010295
0.004482
0.041733
0.005947
0.02607
0.025736
0.009823
0.047677
3.064855
0.010248
0.005459
0.040555
0.004372
0.024611
0.008311
0.009209
0.047733
4.653518
0.010818
0.003844
0.038702
0.003602
0.019544
0.011048
0.012675
0.005805
0.039953
0.003341
0.02253
0.006743
0.008039
0.004841
0.040845
0.005189
0.016727
0.010417
0.007904
0.047742
0.03409
0.01252
0.003582
0.045766
0.017338
0.012034
0.008879
0.048323
7.069741
0.404484
0.402512
2.054871
1.591403
1.597297
1.620502
1.588115
380.15303
1.973558
107.171062
0.30514
0.048837
0.004553
0.005236
0.005217
0.004257
0.005293
0.013489
0.031987
0.014485
0.00541
0.019132
0.34222
0.050096
0.021761
0.023421
0.034289
0.371552
0.005504
0.019758
0.014126
37.497595
0.444264
0.114396
0.115104
0.120408
0.10206
0.044392
0.011109
0.120509
1.364546
0.114388
0.025105
0.085633
4.204551
1.502833
0.015236
0.099654
0.016812
1.503924
0.016442
0.042481
0.028568
0.027262
0.016714
0.015761
0.080043
0.01573
0.016104
0.083414
0.016269
0.062433
0.022122
0.019095
0.016769
0.019787
0.077916
0.017177
0.026812
0.06893
0.016156
0.04266
0.014179
0.040601
0.016573
0.026507
0.06894
0.113484
0.115166
0.016764
0.015738
0.080364
0.018156
0.041917
0.003282
0.013128
0.037365
0.016557
0.094859
0.01729
0.018038
0.078469
0.017186
0.014656
0.081685
0.01659
0.013541
0.086339
0.016873
0.044297
0.022069
0.020652
0.015421
0.01654
0.094571
0.01727
0.050235
0.047587
0.016178
0.099355
0.017651
0.071143
0.020563
1.506827
0.015734
0.019078
0.078808
0.021853
0.093292
0.018401
0.04169
0.022341
0.030879
0.015458
0.018038
0.079962
0.016239
0.064131
0.017166
0.475029
0.939004
0.078319
0.48043
0.015812
0.097015
0.016984
0.004165
0.090451
0.01675
0.097388
0.016313
0.099733
0.017114
0.098158
0.016868
0.095915
0.017241
0.096991
0.018032
0.043858
0.050486
0.751162
0.013197
0.688631
0.017699
0.101013
0.010099
0.003293
0.004202
0.003145
0.005577
0.085944
0.017392
0.09785
0.015618
0.096046
0.016348
0.096668
0.015282
0.098948
0.01789
0.068129
0.0205
0.013966
0.016709
0.016263
0.08328
0.017006
0.09588
0.017315
0.097488
0.01671
0.022172
0.076355
0.017071
0.013835
0.082295
0.016643
0.014739
0.081852
0.017314
0.01574
0.079189
0.016453
0.044915
0.053872
0.016326
0.307306
1.041347
0.158865
0.021594
0.090413
0.021243
0.093625
2.643612
5.98016
1.505212
0.017176
41.929295
0.300834
0.048279
0.005574
0.004407
0.003459
0.002022
0.004432
0.005877
0.004029
0.002282
0.002843
0.00779
0.003705
0.011118
0.006009
0.004419
0.003412
0.004748
0.004163
0.002211
0.00455
0.003216
0.004454
0.008106
0.005447
0.005444
0.004195
0.006134
0.00498
0.002939
0.004058
0.002529
0.005238
0.02186
0.007648
0.006642
0.011578
0.248075
0.016192
0.008751
0.00821
0.003113
0.00285
0.002209
0.002774
0.019641
0.010103
0.009971
0.035317
0.381139
0.050286
0.006252
0.004016
0.007365
0.00437
0.00267
0.003189
0.014527
0.003798
0.003493
0.005528
0.002985
0.015239
0.003599
0.003479
0.005489
0.004063
0.009325
0.003512
0.004429
0.004969
0.004655
0.00609
0.015096
0.020061
0.289174
0.013832
0.007642
0.004987
0.003405
0.004276
0.005116
0.002893
0.009995
0.015301
0.012078
0.019568
0.016731
0.004823
0.005546
6.488056
0.379902
0.005306
0.004194
0.003086
0.003382
0.004339
0.005216
0.008379
0.03578
0.006226
0.004893
0.01126
0.003398
0.002031
0.002723
0.006511
0.035125
0.340801
0.005917
0.004108
0.004992
0.004682
0.003405
0.014559
0.013822
0.018972
0.01232
0.005058
0.00375
0.004462
0.004171
0.00933
0.017993
0.367934
0.005888
0.006131
0.00471
0.004034
0.00467
0.006325
0.006778
0.021965
0.016442
0.003636
0.005241
0.004565
0.005466
0.009691
0.038261
0.366374
0.006062
0.004724
0.003402
0.004668
0.003072
0.005188
0.007104
0.015426
0.012076
0.00581
0.018878
0.411979
0.005561
0.005477
0.004065
0.003711
0.001654
0.006028
0.008751
0.030302
0.007185
0.005649
0.005664
0.004138
0.00433
0.021663
0.030123
0.344803
0.053008
0.00531
0.004719
0.003396
0.004666
0.004725
0.005245
0.001583
0.002505
0.003715
0.002852
0.002466
0.003818
0.010797
0.002717
0.002492
0.008838
0.00389
0.00524
0.004905
0.010465
0.003415
0.003811
0.003261
0.00497
0.010082
0.005261
0.005084
0.003879
0.00497
0.007403
0.017156
0.273426
0.035159
0.00543
0.005374
0.003424
0.003093
0.003274
0.00311
0.002974
0.027701
0.009956
0.004068
0.006029
0.00491
0.009595
0.017194
0.005905
0.00447
0.005291
0.005818
0.034487
0.302527
0.052889
0.004644
0.002876
0.004059
0.004035
0.004565
0.003397
0.002591
0.005812
0.006772
0.003868
0.003688
0.002962
0.002013
0.00374
0.003263
0.005128
0.003725
0.003941
0.002547
0.006248
0.005365
0.003507
0.003581
0.00572
0.003726
0.004441
0.003647
0.004343
0.003834
0.001969
0.002807
0.00438
0.005882
0.00335
0.004203
0.009168
0.00585
0.004933
0.003676
0.003162
0.004968
0.003672
0.00504
0.002726
0.005651
0.002882
0.004222
0.005143
0.004254
0.003068
0.003757
0.004263
0.002588
0.005409
0.004572
0.003118
0.025923
0.206121
0.021845
0.018372
0.004099
0.002876
0.003704
0.003373
0.005107
0.045013
0.008761
0.002677
0.00721
0.005353
0.003026
0.005532
0.025256
0.322475
0.018119
0.020716
0.022768
0.034452
0.412948
0.053155
0.005588
0.005062
0.004431
0.002897
0.003731
0.004716
0.005046
0.003555
0.004524
0.009286
0.003061
0.007917
0.005363
0.005545
0.006428
0.005115
0.007725
0.003931
0.003572
0.003266
0.005411
0.003917
0.009197
0.006995
0.004651
0.004755
0.004801
0.003602
0.006542
0.004823
0.003918
0.002685
0.001995
0.012359
0.008634
0.010445
0.238329
0.016709
0.016964
0.005083
0.003087
0.004663
0.003541
0.004152
0.008351
0.03187
0.003497
0.003826
0.005716
0.005709
0.003183
0.017328
0.023091
0.361961
0.067765
0.005556
0.003482
0.004094
0.004355
0.004279
0.002538
0.004491
0.003052
0.004392
0.00408
0.004173
0.006347
0.003337
0.003969
0.005206
0.003236
0.004692
0.00527
0.003682
0.004541
0.00246
0.006068
0.002099
0.006651
0.006322
0.004799
0.002769
0.004657
0.00292
0.003636
0.002526
0.003914
0.003351
0.00257
0.002432
0.003658
0.002728
0.002185
0.008282
0.004183
0.004429
0.003412
0.003776
0.002756
0.002761
0.004239
0.010999
0.204705
0.031337
0.005732
0.00614
0.004699
0.002873
0.005748
0.008935
0.017975
0.004083
0.020718
0.019404
0.005667
0.003876
0.004276
0.013772
0.016765
0.345446
0.006546
0.05178
0.004295
0.004018
0.003023
0.006262
0.002901
0.003383
0.005492
0.010307
0.00337
0.003288
0.004324
0.00308
0.003752
0.002596
0.003152
0.004572
0.009146
0.015246
0.009523
0.020216
0.311394
0.010952
0.015908
0.005507
0.004704
0.004032
0.003711
0.005637
0.010615
0.022245
0.014011
0.003931
0.002774
0.003611
0.003784
0.013807
0.024686
0.013495
0.335299
0.05349
0.004726
0.002332
0.002522
0.003928
0.003788
0.004979
0.002293
0.002907
0.005221
0.003439
0.004756
0.002902
0.004204
0.004033
0.003015
0.008916
0.008077
0.011013
0.015282
0.024376
0.318037
0.027604
0.052963
0.004996
0.004051
0.004356
0.004392
0.004185
0.003543
0.003474
0.003148
0.004393
0.006207
0.003423
0.003458
0.003156
0.003184
0.007526
0.008223
0.004575
0.00709
0.005109
0.003207
0.006511
0.002879
0.005946
0.004407
0.005153
0.004861
0.004661
0.017332
0.029821
0.247308
0.022162
0.008724
0.006899
0.013918
0.004079
0.005006
0.003405
0.003389
0.012605
0.009614
0.002597
0.002633
0.008556
0.008367
0.018466
0.382274
0.005895
0.004525
0.003724
0.003386
0.002175
0.003582
0.014413
0.011
0.003074
0.005657
0.004508
0.003411
0.003162
0.002453
0.003754
0.005166
0.00339
0.002446
0.004393
0.004028
0.002856
0.005094
0.005108
0.009786
0.005211
0.003087
0.002318
0.003356
0.005998
0.013714
0.003629
0.004038
0.003389
0.003347
0.040692
0.297466
0.006288
0.005595
0.003425
0.003381
0.004347
0.010754
0.011531
0.004703
0.004033
0.00307
0.007364
0.028176
0.00666
0.003809
0.004161
0.005441
0.010967
0.024689
0.014969
0.31005
0.013224
0.019118
0.009008
0.040024
0.416297
0.013892
0.021998
0.005405
0.046086
0.267143
0.010749
0.023423
0.116149
0.005672
0.005578
0.002929
0.005426
0.005019
0.005002
0.00445
0.026573
0.00682
0.005169
0.002327
0.004501
0.005315
0.009466
0.010609
0.021701
0.366421
0.04952
0.005164
0.005005
0.003082
0.002819
0.005626
0.013631
0.009256
0.015917
0.015729
0.035994
0.349997
0.006549
0.003998
0.002859
0.004023
0.004029
0.01022
0.011894
0.008885
0.016557
0.010289
0.016386
0.395702
0.014467
0.021356
0.033923
0.041772
0.379842
0.005674
0.004947
0.00437
0.004678
0.004689
0.001947
0.018617
0.012488
0.013038
0.014826
0.004391
0.005309
0.004275
0.005441
0.017883
0.385339
0.007222
0.005293
0.0031
0.004983
0.004365
0.019597
0.007098
0.018474
0.005591
0.015409
0.014822
0.38662
0.014883
0.005085
0.004366
0.003088
0.00383
0.011329
0.009522
14.520148
0.028074
0.004389
0.017688
0.011135
0.024691
0.04315
0.023807
0.031195
0.016856
0.043874
0.020484
0.031415
0.015423
0.076342
0.018705
0.36674
0.053294
0.007037
0.003744
0.003798
0.004978
0.004968
0.004296
0.004363
0.003233
0.005209
0.012077
0.016544
0.002702
0.003259
0.002022
0.004424
0.009809
0.003236
0.004796
0.00657
0.003846
0.021269
0.022471
0.288797
0.01442
0.05222
0.00706
0.003164
0.003115
0.002047
0.003772
0.005184
0.004409
0.004378
0.004063
0.003949
0.02381
0.003889
0.017787
0.005426
0.003726
0.003717
0.003732
0.004917
110.489491
0.0198
0.01816
0.026119
0.004169
0.014253
0.008544
0.003555
0.020183
0.0053
0.004509
0.004707
0.018641
0.011594
0.013368
0.007493
0.007585
0.049329
0.030678
0.0111
0.046564
0.272976
0.007442
1.49033
0.016667
0.04508
0.01219
0.040221
0.017682
0.013977
0.082243
0.017509
0.753604
0.04123
0.014154
0.011961
0.009822
0.167104
0.045812
0.023646
1.037685
0.012985
0.014456
0.030744
0.403513
0.01288
0.011755
0.021487
0.87085
0.046133
0.015362
0.018988
0.009825
0.045495
1.484207
0.016985
0.067396
0.019335
1.483728
0.01781
0.042663
0.013525
1.44712
0.016187
0.014636
4.426097
0.008185
0.022251
0.034449
0.427209
0.014224
0.009199
0.009328
1.507207
0.016392
0.040365
0.013224
0.048284
0.016867
0.014508
0.082794
0.016181
0.04071
0.021888
0.033438
0.016604
0.049987
0.020042
0.027499
0.020618
0.03469
0.019716
0.037901
0.016405
0.069334
0.015816
1.762427
0.015547
0.021175
0.030908
0.134228
0.005495
0.012395
0.024687
1.511055
0.017209
0.039996
0.048694
0.014328
0.016276
0.070844
0.018513
2.441501
0.015544
0.007415
0.042766
0.424947
0.014544
0.007919
0.024686
4.438834
0.006583
0.006776
0.044649
0.43654
0.013872
0.025199
0.015406
2.032886
0.016507
0.005819
0.044708
0.335031
0.005342
0.016238
0.009971
1.673309
0.279768
0.00899
0.005626
0.007289
0.01629
0.018157
0.002991
0.006425
0.004975
0.0034
0.004548
0.005333
0.006299
0.007258
0.006185
0.007681
0.001958
0.003636
0.011759
0.008144
0.005156
0.013241
0.009897
0.039045
0.023103
0.017413
0.060073
0.193964
0.012896
0.024559
0.00901
0.042707
0.405589
0.050395
0.003959
0.003454
0.004428
0.003098
0.004299
0.0037
0.002802
0.004233
0.00338
0.010069
0.004076
0.002013
0.003845
0.009924
0.005006
0.003056
0.004331
0.002983
0.02236
0.004586
0.003549
0.003303
0.005567
0.003595
0.003051
0.003416
0.008962
0.028515
0.278539
0.013312
0.014204
0.004736
0.003091
0.014687
0.010614
0.011313
0.010853
0.024195
0.005302
0.003722
0.004904
0.022988
0.021127
0.330306
0.051452
0.004254
0.008355
0.003749
0.003705
0.004394
0.008784
0.010863
0.016031
0.004014
0.001765
0.003201
0.004826
0.00501
0.00475
0.002123
0.00454
0.002594
0.005289
0.004821
0.00682
0.00512
0.003608
0.007327
0.003443
0.003493
0.004698
0.002685
0.002821
0.004507
0.004835
0.002666
0.008171
0.002949
0.003968
0.006812
0.035369
0.248595
0.030337
0.004578
0.006059
0.00502
0.002413
0.005389
0.003945
0.002611
0.00728
0.019248
0.020286
0.374198
0.048863
0.004266
0.002911
0.003901
0.003771
0.003697
0.005825
0.003069
0.003751
0.009682
0.002934
0.005006
0.004761
0.002323
0.013391
0.004432
0.004363
0.011181
0.00799
0.002733
0.007013
0.003151
0.00375
0.013734
0.012939
0.00279
0.002969
0.006022
0.005937
0.003584
0.00977
0.005216
0.004909
0.02112
0.018731
0.243528
0.010581
0.013601
0.005055
0.005005
0.005003
0.017629
0.00541
0.003584
0.022318
0.016689
0.006898
0.375817
0.049896
0.005233
0.003759
0.003479
0.004107
0.002928
0.006243
0.006265
0.00443
0.003411
0.003381
0.003174
0.01279
0.004521
0.004494
0.004611
0.006628
0.003672
0.003592
0.0036
0.005709
0.003261
0.005932
0.009992
0.004127
0.009223
0.004502
0.016057
0.022845
0.278638
0.018536
0.006058
0.005222
0.002873
0.002938
0.002494
0.011731
0.01573
0.010291
0.020792
0.40061
0.049771
0.004927
0.00405
0.002862
0.004378
0.004734
0.007143
0.010196
0.002848
0.003561
0.005632
0.009734
0.003177
0.002047
0.002957
0.006085
0.002845
0.011615
0.014542
0.003619
0.017547
0.001897
0.002527
0.003566
0.002928
0.011221
0.017656
0.009687
0.276639
0.034504
0.004794
0.004923
0.002877
0.003061
0.003371
0.003981
0.013472
0.023253
0.011106
0.007689
0.008729
0.003601
0.012358
0.016217
0.347547
0.050691
0.004255
0.003059
0.004713
0.002918
0.003714
0.006442
0.002931
0.003101
0.002899
0.001956
0.013387
0.005811
0.014002
0.007523
0.00339
0.004072
0.003949
0.012522
0.025287
0.021042
0.014457
0.285297
0.008373
0.050571
0.005878
0.003708
0.00384
0.004463
0.006989
0.003719
0.003723
0.003172
0.011845
0.003535
0.00425
0.004929
0.005171
0.005475
0.002718
0.002683
0.003135
0.003466
0.002805
0.005668
0.00536
0.006443
0.023251
0.004936
0.014646
0.007737
0.283001
0.023377
0.015531
0.005699
0.003434
0.00402
0.004029
0.002708
0.008693
0.035964
0.022317
0.016368
0.422982
0.015194
0.021176
0.033757
26.683159
0.028823
0.005442
0.004813
0.004208
0.01845
0.003352
0.003191
0.004758
0.023483
0.008823
0.010266
0.013699
0.009506
0.047094
0.035196
0.008875
0.046303
0.3547
0.012696
0.01368
0.010288
20.621057
0.011962
1.487583
2.633017
0.019368
0.013576
0.003357
0.003722
0.004573
0.013173
0.028126
0.012985
0.002524
0.018174
0.003594
0.005306
0.006706
0.005938
0.123923
0.009264
0.003236
0.021634
0.013844
0.004492
0.003126
0.002597
0.004106
2.953193
0.097266
0.017
0.028454
0.008276
0.00535
0.007583
0.012849
0.017566
0.143395
0.007752
0.007435
0.018508
0.004409
0.021359
0.00522
0.007442
0.013128
0.012529
0.116406
0.019596
0.014778
0.0139
0.049925
0.043325
0.032413
0.013571
0.042977
0.403905
0.014154
0.018158
0.008689
0.041968
0.734395
0.399901
0.04353
0.01357
0.01886
0.013677
0.010928
0.029452
0.016925
0.042619
0.904062
0.026921
1.242012
0.402901
0.403571
3.932175
0.006054
0.015739
0.02725
0.455175
0.01481
0.014318
0.018609
4.400174
0.015226
0.052635
0.035245
6.286055
0.430839
0.012897
0.018477
0.01445
0.404719
3.705053
0.012631
0.015097
0.029211
3.511412
0.026866
0.004819
0.005818
0.003892
0.019809
0.003394
0.005441
0.005695
0.018478
0.01004
0.012323
0.148662
0.007007
0.009891
0.021154
0.007418
0.046639
0.032159
0.0092
0.045679
0.482121
0.012851
0.018795
0.024048
0.423949
0.056408
0.403593
0.394109
0.012896
0.013999
0.018609
0.404416
16.189836
0.01385
3.111991
0.019022
0.002601
0.00402
0.004566
0.003991
0.033033
0.003703
0.003861
0.00311
0.005294
0.004699
0.008088
0.004774
0.004473
0.008947
0.006406
0.005101
0.013668
0.002517
0.004023
0.011056
2.96777
0.027087
0.016987
0.011645
0.00816
0.034576
0.09071
0.036937
0.038113
0.0079
0.013364
0.035991
0.019629
0.007408
0.044856
0.105493
0.41983
0.01357
0.008557
0.021167
0.030387
0.82735
0.010147
0.012337
0.427472
0.01452
0.002527
0.002226
0.003074
0.013998
0.017009
0.4289
0.916465
0.044882
0.014358
0.019543
0.008572
0.048124
3.46688
0.007867
0.004882
0.009656
0.053831
0.459061
0.012885
0.006319
0.010927
3.971128
0.404877
0.402472
2.258322
0.189442
0.010006
0.011538
0.004735
0.003372
0.004931
0.00826
0.005489
0.023057
0.012076
0.00581
0.022717
0.371313
0.00996
0.005661
0.005203
0.009362
0.002723
0.00425
0.003298
0.00476
0.003128
0.003069
0.003692
0.00215
0.003629
0.005151
0.004813
0.004729
0.00613
0.005224
0.004769
0.003575
0.005119
0.004901
0.009803
0.004535
0.013122
0.007211
0.005289
0.003869
0.01031
0.008117
0.34314
0.018198
0.005749
0.004109
0.004366
0.004349
0.004361
0.005813
0.015733
0.018649
0.013036
0.007464
0.005825
0.00372
0.003609
0.379912
0.011052
0.005217
0.00624
0.002899
0.004905
0.003103
0.002899
0.002887
0.003598
0.005406
0.016565
0.006488
0.004942
0.00706
0.005196
0.004195
0.003222
0.004809
0.019453
0.005224
0.005813
0.016285
0.003615
0.008069
0.004104
0.005709
0.009336
0.003853
0.022126
0.006874
0.013501
2.932936
0.028771
0.005134
0.005154
0.00452
0.016504
0.005616
0.004504
0.009868
0.014793
0.009434
0.005941
0.020906
0.007952
0.047755
0.036583
0.276142
0.006106
0.020033
0.015807
0.004765
0.004049
0.00339
0.035042
0.02786
0.021649
0.003044
0.011935
0.011336
0.016183
0.004349
0.003196
0.006763
0.362205
0.024241
0.02533
0.033873
0.395445
0.010749
0.005879
0.007805
0.004394
0.00458
0.001729
0.002622
0.009771
0.003623
0.016568
0.004245
0.004008
0.004038
0.003797
0.003813
0.003806
0.003003
0.011272
0.004214
0.007152
0.004608
0.006218
0.005442
0.003763
0.042618
0.326837
0.02565
0.015777
0.004767
0.00341
0.004662
0.007622
0.005003
0.014888
0.032585
0.007143
0.016237
0.008369
0.349439
0.012257
0.005918
0.003068
0.003111
0.005033
0.004649
0.004669
0.005054
0.006159
0.012221
0.008139
0.003468
0.024444
0.003135
0.002362
0.011944
0.005603
0.002941
0.002281
0.004147
0.009199
0.01041
0.005248
0.002629
0.006009
0.002414
0.00314
0.006098
0.018383
0.003696
0.009349
0.004369
0.004777
0.004593
0.037
0.247353
0.020537
0.013973
0.005473
0.005024
0.003083
0.002849
0.008043
0.026652
0.00499
0.00973
0.032247
0.011167
0.017198
0.024689
0.304782
0.011601
0.004971
0.003426
0.003455
0.003475
0.008729
0.003128
0.001885
0.004215
0.012515
0.003064
0.012465
0.004918
0.004631
0.001904
0.004212
0.00195
0.00294
0.015027
0.003021
0.003422
0.005929
0.003734
0.005585
0.00488
0.012919
0.00458
0.003988
0.003608
0.006272
0.331085
0.024726
0.014924
0.004858
0.004369
0.00468
0.004353
0.001983
0.021815
0.014421
0.026721
0.005862
0.004873
0.032302
0.005859
0.005075
0.004338
0.00969
0.045505
0.266563
0.0103
0.004355
0.004978
0.002713
0.005366
0.004404
0.005639
0.002599
0.012079
0.005347
0.004467
0.001754
0.007353
0.005159
0.002802
0.002867
0.004494
0.01328
0.003737
0.005404
0.010093
0.028501
0.341044
0.012837
0.011554
0.004614
0.004676
0.006972
0.004241
0.00434
0.004051
0.003351
0.004972
0.004304
0.002846
0.004699
0.024121
0.006778
0.009174
0.002919
0.004926
0.002311
0.002877
0.001982
0.002952
0.006214
0.003123
0.005874
0.002996
0.003781
0.010493
0.003289
0.004679
0.003817
0.003521
0.003194
0.013402
0.025827
0.275497
0.018902
0.006628
0.004816
0.002876
0.003382
0.004987
0.003508
0.011252
0.035352
0.020716
0.018608
18.057329
5.697757
0.405257
9.140332
0.404729
0.402523
28.033903
24.172061
0.404463
0.404062
9.456025
0.007564
0.402396
0.402438
9.145548
0.40296
0.403337
34.040051
23.035129
1.590128
1.598341
36.037222
9.353105
0.013535
109.128426
0.009791
0.004318
0.005234
0.004256
0.003296
0.004431
0.019396
0.0135
0.003755
0.00402
0.005213
0.004367
0.004745
0.003831
0.003971
0.002037
0.015421
0.004413
0.026227
0.006504
0.006124
0.00343
0.00466
0.003084
0.005932
0.005501
0.03444
1.491462
0.02232
0.015459
0.013812
26.988992
0.030051
0.007182
0.005657
0.007255
0.014182
0.108673
0.008685
0.004794
0.00431
0.016981
0.015352
0.021765
0.007556
0.17052
0.095001
0.015482
0.231524
0.012931
0.008879
0.013492
0.038954
0.409426
0.01325
0.02296
0.023411
0.910072
0.036505
0.01634
0.017341
0.013601
0.043284
0.031398
0.012064
0.043604
0.030202
0.016453
0.043574
0.684013
0.044203
0.014395
0.017313
0.009853
0.044811
3.972121
0.023452
0.006151
0.044657
1.594442
1.59432
1.615535
0.00372
0.003693
0.005047
0.037531
9.653391
0.014627
0.060844
0.014272
0.01735
1.451319
1.595373
1.634049
0.006049
0.005418
0.005754
0.224443
0.022912
0.007063
1.32242
0.097895
0.006207
0.016017
0.009084
0.040031
1.594078
0.582579
0.0104
1.002347
1.614467
0.014148
1.58049
0.496847
0.005355
0.019412
1.303842
22.422883
0.02822
0.005122
0.00546
0.004825
0.017231
0.005608
0.00417
0.004705
0.019911
0.008451
0.005884
0.018766
0.008872
0.164669
0.047783
0.050733
0.028998
0.017173
0.011452
0.011314
0.044589
0.04715
0.047845
0.015191
0.006753
0.035169
0.004658
0.018567
0.361074
0.006818
0.024877
0.007088
35.299315
67.210144
1.595262
1.595754
1.631883
1.592152
1.601228
73.092336
92.098978
139.877796
0.014911
0.007751
0.041224
30.967336
0.012917
1.595177
0.381377
0.010112
0.006542
0.004348
0.003626
0.002515
0.027027
0.00976
0.005078
0.00428
0.004391
0.002002
0.002701
0.014418
0.009833
217.555617
0.099042
0.009817
0.007336
0.01477
0.090002
1.491306
0.016741
0.097968
0.020401
0.091321
0.014929
0.870682
1.119899
0.017238
0.975547
0.019014
1.60491
0.007799
0.008923
1.57799
0.699321
0.017472
0.005425
4.732144
0.01462
0.872929
0.003689
0.004725
0.012136
3.847706
0.010051
0.005161
0.076652
0.041447
0.003339
0.018651
0.204884
0.021331
0.268238
0.104886
0.079083
1.378709
0.006804
0.491256
0.007003
0.490182
0.009124
0.488046
0.014047
0.586583
3.468991
0.104296
0.007162
0.01093
0.007651
0.088132
0.39708
0.014681
81.685823
78.179041
0.003566
0.041934
0.004916
3.814297
9.927089
0.046114
0.017559
10.022171
46.397462
0.009885
0.005486
0.041986
0.004073
0.017425
0.011802
0.008963
0.003891
0.044148
0.004419
0.022928
0.006455
0.009185
0.048008
0.031024
0.008574
0.046772
104.086475
78.60927
0.013721
1.48832
0.015558
260.987893
0.01217
112.429703
0.102503
0.015714
0.029716
0.005688
0.008543
0.006369
0.013492
0.005492
0.006928
0.006989
0.016732
0.008546
0.007919
0.003541
0.107103
0.212253
0.015729
0.031316
0.044307
0.029438
0.014661
0.044908
0.744306
0.049694
0.012339
0.017588
0.012704
0.043909
1.2812
0.012146
0.859649
0.045345
0.018794
0.028675
0.00825
0.047764
3.753409
3.757128
0.009742
0.009828
0.038504
0.00367
0.017326
6.224324
0.014391
2.197188
0.009459
2.746822
1.496531
0.010495
2.594094
8.275578
0.028134
0.00855
0.003886
0.003896
0.015264
0.005624
0.004822
0.003756
0.019065
0.011204
0.006622
0.015836
0.008899
0.046337
0.029642
0.007933
0.048323
1.496811
0.009813
0.360917
0.013148
0.479264
0.011051
0.013072
0.005529
7.134757
0.295599
0.012813
32.186491
0.010838
0.006298
0.49215
0.011615
0.003754
0.005535
0.475937
0.009719
0.016377
0.004759
0.46486
0.011174
0.005225
0.004265
0.003698
0.474872
0.010168
0.016994
0.004726
0.004066
0.004038
0.458891
0.00507
0.012196
0.005268
0.00554
0.468865
0.00957
0.019427
0.006045
0.462925
0.010075
0.003786
0.00458
0.47742
0.011256
0.017272
0.004551
0.465243
0.011394
0.004629
0.005805
0.475909
0.0094
0.016453
0.006841
0.004011
0.460311
0.012518
0.003998
0.00375
0.476385
0.010336
0.010648
0.004619
0.004993
0.005773
0.459274
0.004571
0.010599
0.007297
0.005408
0.005469
0.004905
0.002338
0.004491
0.006011
0.449651
0.012499
0.006289
0.475322
0.005843
0.003832
0.008853
0.004
0.004601
0.473079
0.010888
0.017559
0.005399
0.461695
0.01082
0.004621
0.00582
0.476267
0.010172
0.018237
0.003893
0.465398
0.013292
0.005877
0.004675
0.003935
0.468493
0.009739
0.01512
0.005375
0.467659
0.009922
0.004584
0.005177
0.477262
0.007713
0.015785
0.004206
0.470868
0.010116
0.004964
0.005029
0.004494
0.471128
0.0096
0.017268
0.004004
0.466097
0.011658
0.004755
0.003734
0.004908
0.47221
0.011482
0.00486
0.010642
0.00376
0.003728
0.463429
0.009925
0.015702
0.005994
0.003438
0.003698
19.810354
0.008098
0.010349
0.003117
0.00813
0.004698
0.006899
0.477738
0.010385
0.005563
0.004813
0.476379
0.010692
0.016009
0.005072
0.474906
0.015375
0.004958
0.004567
0.460995
0.008697
0.006595
0.00777
0.00477
0.005115
0.003835
0.008162
0.004746
0.446619
0.011483
0.005836
0.005804
0.477438
0.010597
0.017804
0.005088
0.461527
0.011451
0.004925
0.005837
0.474816
0.009077
0.015682
0.005158
0.004064
0.465005
0.01044
0.005918
0.00367
0.474043
0.009606
0.003448
0.016627
0.004019
0.466806
0.011003
0.004881
0.005846
0.002859
0.47103
0.008602
0.011393
0.003826
0.003941
0.468887
0.009271
0.01723
0.006017
0.139913
0.014385
81.717809
0.096187
0.007752
0.006354
0.017544
0.005142
0.205337
0.084916
0.106864
0.016548
0.479492
0.014704
0.866625
0.019427
0.48327
0.014997
0.976208
0.018663
3.933694
0.030227
0.013397
4.605246
7.822286
0.038845
0.037968
0.019546
0.016675
0.005968
0.01071
0.009829
0.075139
1.496016
0.014032
1.590501
0.055601
150.253242
1.504062
0.022223
0.090349
0.022323
0.090153
78.929513
1.87545
9.237661
146.28141
213.325174
1.498485
0.012904
292.500486
0.020028
275.623429
0.01409
400.062265
0.030045
0.00467
0.00918
0.005721
0.013485
0.00702
0.005702
0.008263
0.014161
0.008209
0.006603
0.015125
0.01345
0.204105
0.041611
0.041347
0.012531
0.043728
1.484122
0.016024
0.480272
0.747012
0.041929
0.016149
0.017551
0.012332
0.043871
1.288062
0.008848
0.861667
1.039919
0.015271
0.043885
0.021474
0.032984
0.009852
0.097593
0.016077
0.046808
3.7547
3.771122
0.009447
0.004826
0.043024
0.004619
0.019147
0.004242
2.194895
0.007676
6.139923
0.0115
2.448522
3.864061
0.09492
0.01127
0.007204
0.014015
0.206375
0.096805
0.054702
1.289808
0.008817
4.468471
0.014497
5.707656
0.01197
0.0058
0.039052
0.005299
0.01721
0.492574
0.01807
0.007544
0.005487
0.454751
0.00758
3.148352
0.327541
0.013747
40.62797
0.010879
0.007546
0.492379
0.011982
0.004922
0.003919
0.476831
0.010966
0.016057
0.005072
0.46327
0.009
0.005237
0.004577
0.478914
0.016799
0.016671
0.005404
0.458911
0.012389
0.005945
0.005164
0.473385
0.011462
0.015286
0.005054
0.464597
0.008927
0.00464
0.004845
0.481324
0.008677
0.016716
0.006153
0.46427
0.01171
0.003785
0.004901
0.476602
0.010009
0.0171
0.004838
0.469677
0.005161
0.01341
0.008213
0.004275
0.462861
0.010617
0.012055
0.004921
0.00392
0.467357
0.008465
0.017908
0.004432
59.466559
0.003542
0.007871
0.00452
111.017224
0.010031
0.003885
0.043646
0.004654
0.01814
172.632166
0.012699
55.216234
0.011536
55.16099
0.028135
0.009098
0.006365
0.007903
0.012202
0.006452
0.007236
0.010901
0.009923
0.010346
0.005388
0.014463
0.015795
0.206332
0.041357
0.036401
1.493493
0.017495
0.018789
0.042068
0.093222
0.016323
0.09735
0.014707
0.747305
0.043533
0.015912
0.015777
0.014014
0.043939
1.286269
0.007695
0.860294
0.043614
0.015852
0.025293
0.009527
0.046524
3.758105
3.785318
0.011559
0.004156
0.041315
0.004644
0.017021
2.197596
0.009139
2.746219
1.498509
0.010622
3.070262
8.752614
0.026897
0.004169
0.004824
0.005802
0.019397
0.003657
0.004497
0.004732
0.021655
0.00935
0.005852
0.016279
0.009525
0.047288
0.032143
0.007939
0.046632
1.3969
0.017218
0.469681
0.007913
0.004845
0.006923
0.017309
0.005772
0.00418
0.005177
0.004832
0.020615
0.002974
0.00457
0.00427
0.007232
0.004175
0.397577
0.013714
22.411825
0.009596
0.00448
0.041748
0.004438
0.019576
0.00831
0.008644
0.003846
0.043514
0.003752
0.020527
0.007302
0.009192
0.045859
0.029793
0.009181
0.047921
31.19673
0.005443
0.040365
0.005562
23.164399
0.40363
0.40438
117.864807
1.500501
0.013448
53.83533
156.329587
0.011818
1.26045
0.231512
0.016912
0.061076
0.036839
0.015518
0.097364
0.016623
22.991486
0.01217
12.731198
0.029417
0.005624
0.007644
0.054893
0.009319
0.005856
0.015892
0.205726
0.094519
0.013486
0.044889
0.744779
0.04487
0.015194
0.089081
0.055463
1.285521
0.007959
0.790857
0.044566
0.015989
0.018789
0.007897
0.048298
3.759994
3.79213
0.008891
0.003527
0.044884
0.02257
2.19941
0.009475
10.497605
0.013797
2.744963
1.497813
0.008986
2.352478
8.034441
0.033611
0.003562
0.022396
0.013816
0.019035
0.012125
0.006324
0.01649
0.009533
0.045173
0.029302
0.008857
1.497541
0.010134
0.607088
0.013
0.479197
0.013052
0.014309
0.004887
85.538615
0.405281
0.403485
104.173887
1.502459
0.020141
0.093489
0.02083
0.093958
28.659665
0.014342
128.392872
0.014098
44.497825
0.029982
0.007484
0.006939
0.007003
0.021234
0.006596
0.005376
0.029698
0.019847
0.006948
0.206326
0.02413
0.012168
0.042561
0.031619
0.014439
0.043603
1.489581
0.015422
0.005531
0.094879
0.016408
0.095687
0.016091
0.716593
0.043853
0.014853
0.018158
0.013962
0.043347
1.284509
0.004286
0.010742
0.860367
0.045782
0.016596
0.016638
0.008562
0.04784
1.504201
0.016346
0.013239
3.752617
3.780031
0.010698
0.003516
0.0454
0.007213
0.024297
4.470024
0.012868
2.193186
0.008846
2.750949
0.00427
1.497816
0.009198
3.614587
9.289723
0.028773
0.00352
0.005768
0.004511
0.018598
0.004629
0.003227
0.005331
0.021232
0.009505
0.007998
0.016021
0.008258
0.047949
0.032917
0.009532
0.045241
0.847127
0.012687
0.480029
0.020077
0.010104
0.003701
0.462038
0.014672
40.146779
0.013775
41.744661
0.024847
0.003867
0.008064
0.004802
0.019069
0.00525
0.004507
0.005348
0.019454
0.010091
0.006785
0.011722
0.011093
0.204535
0.085157
0.806804
0.04027
0.01459
0.017515
0.008236
0.047279
1.288779
0.010488
0.866696
0.044211
0.014827
0.018737
0.008555
0.046849
3.754422
3.800231
0.008753
0.003847
0.045083
0.003334
0.019121
2.195944
0.009824
2.442054
3.86442
0.028827
0.005769
0.004516
0.005769
0.01679
0.003988
0.017622
0.004684
0.003642
0.02446
0.013618
0.008511
0.007972
0.048301
0.029301
0.009181
0.047217
1.320741
0.016925
0.474787
0.010147
0.009111
0.004237
0.473753
0.01436
58.041898
1.496842
0.014081
300.129482
235.637291
58.548573
0.013588
1.497057
0.014964
0.003466
0.430303
0.01249
299.205449
0.028138
0.00732
0.008282
0.005337
0.013868
0.007023
0.007947
0.007239
0.010945
0.009341
0.007123
0.015258
0.01741
0.205987
1.495879
0.016317
0.043429
0.054394
0.014224
0.099156
0.016007
0.042957
0.095796
0.0153
0.729471
0.042259
0.015167
0.014814
0.012803
0.042895
1.284865
0.006977
0.863962
0.045841
0.015909
0.01584
0.009216
0.047305
3.759038
3.786957
0.009409
0.003542
0.044259
0.0043
0.017835
9.313761
0.012097
4.954353
1.497909
0.007791
0.008161
0.005842
2.443217
8.140435
0.028812
0.003523
0.004171
0.004826
0.019674
0.004312
0.00447
0.005047
0.021291
0.009596
0.007773
0.015179
0.007602
0.20595
0.046942
0.036359
0.007605
0.048352
1.291497
0.010171
4.46572
0.015096
5.70698
0.015459
0.010137
0.030636
0.00463
0.016399
0.493667
0.022113
0.012273
0.005199
0.445393
0.012446
0.482678
0.008541
0.491345
0.008537
35.963263
1.496368
0.014714
41.217914
0.003843
0.042204
0.006177
23.147555
0.404089
0.403816
118.740445
92.450569
0.010887
0.005795
0.039414
0.005693
0.021126
0.006785
0.007904
0.048739
0.283806
0.009294
0.003541
0.043152
0.003478
0.024712
0.006151
0.009821
0.046753
290.831579
0.013368
242.428023
0.013769
4.838955
1.490646
0.015836
0.030062
0.005252
0.008537
0.006682
0.012214
0.005713
0.007297
0.007616
0.016489
0.009253
0.005879
0.10021
0.022284
0.015633
0.012907
0.205371
0.043605
0.031941
0.013108
0.100561
0.015738
0.04167
0.749923
0.044274
0.015107
0.020491
0.014831
0.043599
1.285887
0.007637
0.855955
0.044504
0.014917
0.017974
0.009843
0.047255
3.758125
3.789961
0.01283
0.004164
0.040459
0.003991
0.018713
2.196612
0.008301
8.342106
0.014335
2.74912
1.496561
0.009828
4.466123
0.016722
0.474293
0.01316
0.009182
0.00486
0.065119
10.746947
0.028776
0.007046
0.003528
0.004161
0.016248
0.004331
0.004517
0.005371
0.020554
0.009684
0.006589
0.018115
0.009496
0.045174
0.027562
0.008568
0.048451
0.402734
0.014073
36.069096
1.499452
0.013133
76.055749
0.005492
0.041962
0.004249
26.653313
9.925635
0.048052
0.01969
130.517511
0.011038
10.01714
85.546978
0.0141
0.511707
0.030384
0.005196
0.005982
0.008284
0.013505
0.006761
0.00565
0.008843
0.011861
0.011422
0.0077
0.015879
0.013364
0.204792
0.042673
0.035622
0.058681
1.491643
0.015946
0.10296
0.015684
0.099035
0.014905
0.807508
0.016523
1.286612
0.023808
0.494562
0.014001
0.976446
0.023931
0.056416
0.484827
0.013996
2.486923
0.485572
0.014079
4.468527
9.644715
0.011848
0.48775
0.012882
1.581935
1.498183
0.00852
1.598312
1.497676
0.015106
5.301097
19.827842
0.028454
0.003873
0.004215
0.00483
0.018579
0.003994
0.003269
0.004018
0.024145
0.015101
0.006412
0.009803
0.012654
0.043762
0.030784
0.008252
0.048619
1.498227
0.012911
48.167095
1.505269
0.022119
0.091903
0.020351
0.093081
